376
415
182,121,336,142,-303,210,307,499,80,448,336,-481,-261,-352,308,-439,490,291,-270,-51,379,-199,-152,192,496,396,380,274,-292,-294,-116,20,-278,90,127,-151,73,183,490,105,24,234,-429,-463,-198,-359,204,-306,238,-242,388,231,-465,179,488,195,-150,-87,-55,455,-279,232,-198,-366,27,-295,281,-244,397,343,455,-272,-438,-124,-282,-493,394,-57,-18,117,-382,370,395,428,487,-30,-321,-17,72,-207,120,-88,-464,125,-51,379,-171,-117,-318,499,-104,-154,37,396,385,273,-443,-5,454,-371,399,345,375,83,468,174,-86,235,-110,419,134,-19,220,-440,86,325,9,-412,380,-12,79,442,143,465,-287,288,-342,222,156,-341,-374,-401,-446,279,-348,-299,-367,-173,-103,169,444,-391,264,228,-261,58,-282,426,417,-288,476,-400,10,-491,196,-229,-281,65,417,471,384,-351,-37,-31,404,458,-276,28,-256,134,42,-329,18,-235,-111,-160,88,-52,-140,18,-214,475,-208,394,-223,448,486,208,386,226,-14,344,-485,48,164,-433,417,103,-125,-85,420,178,273,252,-32,340,271,-329,-128,-375,173,145,184,-278,-442,-185,215,24,286,44,-441,-97,345,429,-141,372,234,-234,421,282,-220,-449,-303,-467,457,17,-407,-239,-172,-77,-323,461,45,-151,-410,-343,-463,-213,-80,-121,-414,-380,-478,-18,-430,-223,-5,288,-32,9,-181,-378,-91,-4,107,386,-42,228,-230,153,-490,-168,45,227,238,-392,41,-109,-188,234,-72,-318,494,-341,-458,-56,297,-239,-305,330,99,325,-112,-497,-328,-42,-58,116,-227,-8,-370,-232,319,-364,-158,-39,-369,265,117,237,-340,-136,252,-299,197,-11,-16,108,-462,-391,-204,181,85,-172,439,-150,59,-184,-121,-95,-167,410,259,177,364,-55,-366,314,-479,376,-347,490,150,296,-242,84,-109,30,444,-421,112,-275,284,-451,101,324,157,235,-392,-408,-32,492,414,-196,-325,-8,177,356,48,218,442,58,206,-169,252,-193,-444,-92,77,-125,157,-452,-31,-144,285,-330,364,-103,174,45,-372,-248,-121,-199,433,220,298,346,-446,41,-215,-315,-162,426,388,-248,203,177,241,-297,-474,247,448,-351,287,-8,18,-492,432,373,-146,316,291,261,135,-413,421,189
104
269
-285,-445,457,-94,-465,18,478,268,496,221,-252,-395,-433,-431,346,-102,78,-144,320,364,-172,-166,-427,194,-460,-262,389,-339,450,3,-499,257,236,9,163,116,-264,172,439,-41,488,206,56,-183,-218,-50,4,-5,94,-107,-224,-474,247,246,360,-64,-171,-301,156,-458,486,-414,16,276,414,-274,-34,-369,322,-46,137,-213,110,-120,-111,496,67,-296,350,111,369,-444,-462,-469,-204,448,200,51,-346,-57,83,-20,305,-176,13,-94,295,167,-331,-297,-408,-336,339,437,-121,199,443,-147,113,-261,27,-46,-421,161,107,-49,288,20,-256,-139,204,-374,389,-95,-177,145,319,-294,-23,-55,267,472,-426,-277,431,200,-121,423,-182,-356,-139,-420,-432,-185,162,175,-371,-410,158,-130,93,354,59,359,462,-166,277,210,-332,294,65,93,-489,182,473,246,-318,-88,242,-29,-454,97,26,-195,193,483,369,-237,-130,196,-189,339,-45,-385,382,-157,499,-380,399,494,-211,426,315,66,-446,29,-51,206,-433,211,35,-120,-41,-480,-259,-356,369,393,252,-487,-295,-451,-126,-314,-395,176,83,250,-362,-447,-497,-303,-335,443,236,-14,41,-407,-484,-315,419,-326,272,-22,-18,-51,-463,-51,29,-226,-434,29,490,157,-329,404,376,112,5,464,-491,-169,3,96,450,-491,109,403,281,-394,20,425,-150,-484,28,237,-366,-468,202,-270,-104,85,84,59,-43,384,31,319,480,131,439,-463,-141,256,183,-227,261,-293,453,119,141,8,-71,405,-449,-198,274,-155,-42,121,-483,-215,-345,43,-413,-218,462,-405,-411,301,-120,166,-217,480,-180,66,-362,-314,-362,153,-289,-14,96,171,350,-170,167,3,119,-419,-40,-384,-435,173,-306,347,373,155,-70,264,318,329,-315,13,-417,443,-372,-121,332,-281,216,-500,-433,-446,-464,468,-73,-369,190,-415,-424,-214,444,93,-313,139,281,-358,-361,-218,443,220,197,-1,-358,419,-100,-132,-153,181,374,218,376,-304,-392,377,-319,-179,-247,244,39,48,-377,224,-452,388,-402,478,-277,-229,-219,363,-113,-205,-186,-492,156,221,114,-425,-191,-130,111,-235,-495,8,312,-348,405,-213,-249,441,-1,325,153,482,-34,481,94,106,-95,83,451,21,-231,401,110,-341,463,-74,-363,-118,223,48,132,475,-224,-455,-495,103,33,266,-106,435,42,-405,266,382,92,24,276,371,398,-82,61,450,261
205
221
-411,-384,-301,148,302,143,-188,85,117,288,-195,-202,-107,-412,315,-237,-149,-81,219,453,372,182,227,0,33,-75,-423,209,43,-322,220,-424,-364,78,-483,203,44,473,17,-181,-308,190,198,-297,-37,-387,351,-50,211,-436,-98,-93,255,193,493,-391,243,-302,-222,445,216,-232,164,475,3,-158,-250,417,80,246,159,456,-384,-238,-494,-144,12,-319,313,75,-347,-383,-62,194,-38,440,339,203,-379,31,255,-12,67,-297,149,194,53,-224,-199,-470,-433,-391,321,-32,461,-255,462,366,-163,332,-291,140,493,441,361,470,122,-464,-385,43,-430,457,270,425,-281,47,-240,390,-152,36,-254,426,173,334,364,-296,134,-433,477,-285,145,-166,-226,-491,-129,-143,121,347,-438,-340,-234,316,-99,36,369,224,16,-267,-12,-98,-138,362,413,261,-299,-262,-365,292,-255,-496,162,413,445,416,-279,-477,-89,-27,452,469,-41,384,-77,-101,372,371,-90,-27,75,-20,91,115,-315,-451,-498,-393,283,32,196,471,88,175,355,462,-276,33,145,34,305,-431,336,272,-92,305,483,419,-375,-364,-64,428,187,128,290,-412,415,498,305,-380,259,44,-88,141,329,313,-221,76,-30,130,403,373,-207,-495,152,368,357,-343,-294,-255,-94,297,-461,-415,124,-498,108,171,153,-211,-477,-127,-446,426,-98,-252,78,-374,327,338,-220,-291,499,465,-342,328,-400,282,-73,-17,331,-335,-175,-481,-476,-383,203,-464,255,100,487,426,-321,-144,-428,-121,248,61,76,-122,-263,-77,269,-432,461,145,-470,-93,-179,-8,-355,12,-21,46,-45,25,85,14,-252,-412,-212,-236,125,220,-183,-386,292,-82,475,470,383,9,319,69,-334,-458,412,-22,379,262,185,183,107,69,-82,-108,68,453,-388,-403,-39,6,-342,430,-177,-120,373,288,238,11,187,-333,-349,-362,-357,-405,-258,-492,21,447,-358,476,-470,60,462,47,-329,176,-336,-171,92,-158,-151,-120,-69,135,-360,-262,-193,24,-57,-205,403,-329,-276,-206,467,-472,-499,-308,-373,125,188,459,-181,-191,114,78,-285,214,-317,230,-359,129,-107
276
339
278,-331,239,-478,266,489,331,27,-236,-379,-289,149,-190,-148,476,126,125,399,-457,122,-75,-69,12,-328,154,421,320,-38,-78,-414,290,346,403,-101,364,39,-337,246,420,271,31,-216,1,350,198,-2,-339,-419,187,402,-50,-26,122,450,320,227,-368,333,411,183,-136,-145,-164,-380,15,276,-342,-237,-448,1,-80,67,309,-386,-318,32,-164,-177,309,333,-391,-302,136,-172,-203,299,-23,177,11,122,-411,383,123,182,-272,410,381,100,-99,-52,-21,-313,43,131,267,-277,-420,-25,232,197,-390,-127,-52,-190,48,-361,-420,80,195,-451,216,-399,-332,381,61,-181,82,-313,353,-267,480,-5,235,261,121,-277,-364,140,67,158,22,-30,319,-305,399,126,-332,324,298,302,266,-446,-342,-379,418,-66,-236,242,79,-185,352,85,-240,-33,91,-156,-266,191,-451,188,-171,-286,-62,235,72,-358,222,-134,-67,-297,-238,201,-246,-82,302,114,-453,-322,322,223,-326,-187,269,463,-95,177,-159,395,302,115,-223,-41,364,-386,327,-36,74,414,406,43,394,43,145,-372,-248,348,7,-252,308,-168,-316,-283,191,-369,-475,263,-426,144,-65,212,118,-68,348,-94,-356,-25,-205,193,-73,-161,451,164,229,380,420,124,447,232,-247,-88,241,320,198,-71,-270,208,99,386,-388,269,82,-27,-343,492,67,135,-198,376,280,-58,85,-407,-185,-71,-413,383,-35,-171,-190,349,33,17,30,411,28,-49,47,-380,195,315,-281,-489,-282,143,-302,-304,169,-339,378,-186,-92,-490,-337,-256,304,263,-481,344,-407,-309,-457,-7,-301,131,422,-227,-398,-365,-398,-353,50,-90,466,448,-321,-319,303,301,66,-371,488,373,89,142,-407,223,-238,392,118,418,-428,34,-455,455,401,467,334,345,-180,-128,-456,13,-277,-417,-406,36,-31,462,484,149,395,-67,311,-305,-364,-214,-393,-3,-56,155,-212,-358,-415,-267,-3,331
101
359
24,-402,-416,317,376,436,-206,-196,83,79,-138,222,238,422,-311,57,313,-13,201,-432,-352,-159,273,-39,211,136,450,-352,178,-487,-417,185,-151,93,299,-325,-372,-249,-247,439,479,378,-385,-480,261,493,167,28,283,484,187,192,495,-360,149,-45,-366,206,481,-71,-448,-212,-328,215,216,-376,426,222,372,291,-442,-160,-265,10,-487,-208,493,-474,241,38,-452,225,388,336,-235,65,482,252,23,-134,92,473,-80,-437,415,-258,41,90,449,162,-307,-389,-257,-453,397,467,80,106,-485,348,-270,499,497,-255,-265,-30,158,-7,-85,-39,388,-448,-451,422,-63,441,175,-191,-145,-200,-28,115,-494,-69,-82,123,-306,225,281,402,387,-253,327,278,358,127,-16,467,413,187,-347,469,118,126,-398,-29,340,-126,-274,381,-73,206,112,-98,-272,440,-25,-68,-498,-425,-194,-316,471,-33,-101,259,-457,-298,483,-137,46,-253,179,77,-207,334,125,59,287,362,-227,309,110,295,-81,-147,282,341,0,-13,121,-117,-267,308,-450,-227,-309,-161,391,315,-4,-453,-163,214,419,220,-319,-35,236,-284,-475,414,395,-186,-298,313,295,-483,-484,6,-493,-309,-413,-209,-407,191,41,-409,43,182,-156,418,-481,265,-121,-242,22,-457,-151,327,-270,-303,299,105,-310,155,-324,-442,-477,-405,-189,-409,452,-230,-249,319,110,-369,222,172,-402,-405,-319,-266,-311,151,-456,442,43,377,311,416,-437,486,-380,-249,103,337,-492,499,-1,393,-462,-483,-375,33,-357,-327,-352,353,73,261,-319,314,337,165,293,119,251,427,308,-393,-402,-349,492,238,101,109,-331,-277,-94,444,-304,-315,213,-421,-196,-130,-38,-345,-268,-246,-460,-272,-24,-368,177,89,375,287,-196,-17,366,404,497,414,455,-265,153,294,113,-34,314,116,-56,-271,-351,405,-399,445,-89,-274,-131,-284,142,16,207,153,-194,79,-317,-239,176,257,-220,477,334,387,474,-20,-140,-490,39,29,-448,369,125,403,-238,192,-339,-143,39,-390,-146,-12,200,-439,177,-200
152
176
-251,-48,31,-468,465,-301,-180,375,329,345,-316,98,-172,181,-365,449,389,-409,413,-152,-258,-461,-205,205,-314,382,-232,210,377,28,-177,-65,338,119,-397,270,175,18,130,328,-255,-380,-257,-43,-73,216,-341,-31,438,241,455,378,447,-493,-480,-43,-451,-243,311,-224,-135,498,-452,146,292,-114,407,-489,-128,-50,-470,-152,-53,480,-130,-369,-70,498,-63,-49,446,470,289,290,-403,187,152,13,367,231,-349,-66,411,48,0,-122,-34,-382,-452,129,360,-166,-305,321,-165,-359,325,419,-208,-19,-143,-375,-200,-271,-8,-42,291,-99,-129,153,185,120,145,313,-381,177,305,230,261,22,-463,-88,-6,251,421,9,-476,-252,-169,-83,55,-362,-312,-102,-304,-265,-97,-478,-185,118,-423,-179,350,197,421,252,-419,443,418,152,84,-98,416,-335,116,-403,160,395,-110,260,-223,258,497,417,-184,358,-405,67,227,-375,227,362,26,381,378,449,-382,-180,-499,368,-89,-217,135,-50,110,-81,-160,28,-499,-142,-430,-331,-409,-419,-117,489,-417,-471,-348,-95,328,320,157,-428,62,-210,18,376,-227,84,-441,133,-219,-385,-141,-5,-106,359,204,-476,78,452,71,387,-108,395,-183,259,-8,447,304,-459,137,410,279,218,-174,-198,-310,-297,-406,-295,-90,62,-434,460,291,-288,-106,317,298,432,489,-300,173,147,-307,96,-185,-340,295,11,306,-380,-461,-500,222,-34,73,-402,-172,144,380,446,-352,478,216,-174,444,-335
58
132
384,25,469,-196,381,12,439,4,22,28,-469,-394,315,-80,-443,196,174,97,-198,442,-190,-76,269,257,146,304,428,-490,-112,-1,467,-454,-490,-175,-379,394,-196,-477,-437,-249,278,-217,-189,-96,-95,-315,205,-413,-461,-225,76,-293,-68,75,-416,-158,221,-295,388,-120,-453,84,225,-436,207,46,-402,87,-115,283,-334,-200,239,-489,-408,193,374,-468,358,-175,-139,-420,418,139,-303,-451,376,-228,-415,-310,269,154,198,158,289,-337,-426,107,373,-467,444,-151,-103,212,332,186,152,350,29,353,155,259,-73,-165,-210,304,174,-393,35,219,275,-425,-487,-271,-43,448,-264,-79,57,365,-124,385,99,-345,12,30,-280,-150,126,497,-62,329,137,-364,191,82,-362,157,206,-229,-381,361,494,179,-51,-22,53,286,466,-373,226,-471,-295,-360,345,-293,174,234,384,-380,-90,272,-166,471,-117,-231,-1,171,140,-234,-411,328,-123,-3,248,-340,414,-209,-246,21,354,-317,-89,-40,-218,-460,-393,113,228,109,248,396,212,-491,-192,471,-58,54,28,418,86,-257,-400,-1,-300,-471,-236,-460,471,-298,479,384,-355,-411,154,417,-391,291,-277,179,-382,75,-187,-387,92,494,232,-10,334,38,-21,-43,-153,-380,-142,-250,85,449,389,-48,-204,-62,32,83,255,396,-128,-105,5,-449,-191,23,203,103,129,-292,-197,-314,-177,359,214,-211,246,-42,-253,-415,-328,-304,308,34,-311,-293,65,406,17,202,-149,-163,341,205,271,-75,-405,-280,356,78,408,-434,-421,120,41,-162,-53,-392,378,243,-354,-246,-299,265,-116,-416,194,115,-142,80,-441,178,478,-109,29,256,233,-174,-296,-85,-215,36,-208,-212,-342,66,-184,-289,-311,131,99,221,-491,-29,230,173,-422,-122,-475,162,-285,-269,-386,-122,-85,-413,-388,-124,-327,201,193,98,-418,-373,396,85,-69,222,-382,-489,491,-239,4,-237,-53,384,461,-479,-454,-472,-353,77,153,-62,-119,258,-488
142
199
-191,-112,7,-229,-401,147,-320,-362,-51,-24,429,94,-138,-489,235,-90,-29,-353,388,-340,-428,90,-403,-457,-366,89,477,79,-68,122,-11,11,300,269,-463,-362,-204,-154,297,211,-285,453,156,288,102,58,178,-457,-187,155,-229,-466,195,416,322,144,153,285,48,-307,-160,150,102,-340,-384,146,354,65,18,278,-451,-446,-473,-333,-72,35,395,-199,240,33,362,194,-339,164,101,-69,418,173,-48,-331,-454,-265,-221,-22,320,-142,451,131,72,234,-84,-426,-272,-498,-138,-243,85,396,-326,370,-397,235,151,438,-308,376,4,113,172,122,260,-485,-377,-247,18,249,-384,320,-329,92,150,155,407,211,-435,108,380,-344,423,-32,-419,432,77,-234,-440,164,182,312,151,445,-446,-350,-103,484,51,-137,352,-481,-127,-70,-414,416,201,-70,-210,376,441,-457,-491,-56,290,81,-389,-472,-150,353,40,96,6,-233,200,-333,25,265,-373,-452,-69,-283,185,-135,224,-355,54,124,-93,-182,-482,-431,423,-172,-27,249,-421,-243,405,444,-360,341,381,-410,-344,-440,-141,408,-372,276,-450,-273,-143,119,282,-150,481,-451,368,-52,-206,230,-327,298,37,-242,256,-353,-396,327,-55,106,-207,-23,-446,177,240,-23,28,-473,360,79,-307,441,35
9
294
-326,91,-316,488,120,-126,-203,-22,-451,-460,94,-136,147,291,-67,-164,421,409,285,-239,205,64,-195,114,406,337,111,-367,-157,-92,407,-260,-61,-98,-194,66,106,-423,-454,260,53,165,195,486,-119,196,341,428,-256,219,-51,330,161,485,-62,-413,27,34,-494,-205,-26,44,-378,264,-234,-254,243,83,364,-459,-187,85,-333,255,49,52,164,-28,120,-491,-273,-463,-68,291,-258,-119,24,-155,-105,199,-456,-466,311,13,-127,-242,414,-318,-417,-66,-454,243,-182,89,347,-264,-348,333,280,-329,-134,-135,-203,-410,-436,241,90,25,-14,-140,-447,-84,132,343,-45,403,-10,-286,-473,221,135,72,-200,-378,-483,124,-310,171,-241,-442,25,-231,-449,-171,342,71,-479,351,327,-310,-292,-372,242,190,347,-55,-258,-295,448,-96,38,-140,199,412,-206,364,123,442,-333,-355,479,51,-61,189,-45,-490,351,-386,256,306,267,-299,386,337,376,248,-71,-40,-316,197,-492,92,62,-387,-61,438,492,223,-153,-401,-197,57,320,23,-190,313,490,-154,-453,-311,-299,325,184,185,424,-241,-466,119,50,226,-16,345,-108,-110,259,-453,-42,-396,393,60,-236,383,389,-141,-3,358,202,423,185,-37,-393,435,-412,101,139,-400,-174,-422,-119,-35,-95,-336,-344,-62,118,-50,242,-46,293,-393,215,-137,-96,406,-27,-441,-301,-339,422,324,58,-233,278,-383,448,230,-96,-496,389,-298,356,-176,42,-367,-233,164,-396,-404,-314,135,291,142,272,-173,-193,-464,296,17,-314,128,404,155,-229
181
282
-268,-137,23,360,-128,164,257,450,176,470,416,467,30,159,45,355,151,-451,-212,149,420,-190,344,-84,483,-63,230,-278,5,-412,-420,-44,-172,-45,333,-487,19,-105,-291,-199,-262,412,-268,114,-44,-76,-256,374,-410,321,-125,417,-425,-54,-394,446,-25,151,-215,-216,413,416,472,334,-280,87,331,96,-454,14,-342,486,-124,275,11,-272,66,-368,50,-88,469,118,-469,-12,-450,-350,487,95,-35,56,-183,111,-345,-388,444,177,309,463,427,112,143,-266,-324,237,-404,-409,-94,-495,164,117,445,325,333,-309,152,346,143,92,-457,349,-468,424,99,354,-66,251,-156,473,-401,-392,-318,222,-321,307,-361,-30,430,-388,452,-57,167,-488,-329,33,12,289,278,-64,-124,-131,458,154,-242,-268,-293,-122,168,307,-108,-286,312,-27,475,-227,-442,297,-200,369,205,-321,-234,457,-187,-180,-341,-327,-434,246,496,2,-430,-159,21,-356,-409,463,5,-34,-161,-426,-32,-207,-17,291,499,-38,425,220,-239,-25,453,83,-308,-383,427,7,116,-385,-378,-259,-325,115,293,251,-342,-194,-157,-363,404,-490,353,-143,-59,-456,-243,-492,286,-463,-6,-233,-368,-346,-365,85,210,347,-396,-157,-487,-376,456,178,-158,-80,-423,121,263,-253,-433,474,-412,332,448,-473,-194,268,-320,174,-1,-19,229,-176,-272,171,410,71,91,-244,-474,-475,243,121,48,-135,-14,-492,-334,141,-73,-271,447,43,403,-247,169,-66,-2,-158,-197,404,-349,186,464,-471,156,82,263,-185,427,-32,-268,33,-41,-236,180,-49,-385,-396,-156,-380,-162,435,157,-197,371,-388,-104,-464,-261,396,-341,299,454,69,-362,-162,363,-217,-307,280,-56,-222,-183,147,434,166,-387,-449,-115,139,-318,-255,-488,-451,-312,-90,-287,-226,-71,186,-23,351,267,294,427,-198,355,-331,-378,183,-112,471,180,182,355,150,174,-76,-495,-402,319,342,-334,-454,186,-374,33,233,456,-442,376,-160,-158,256,152,-95,-97,452,-350,-352,74,284,429,-170,276,265,324,63,393,-392,-341,174,-382,48,494,-295,414,496,-202,127,-363,-234,113,469,-405,-207,245,-240,-10,352,-183,-252,-292,227,119,-261,459,255,-174,226,446,-104,-232,165,465,398,412,-53,-278,-86,-69,276,-52,106,176,294,-119,-216,150,-273,-293,-407,106,-475,-289,57,91,-142,-106,403,247,-13,-391,-50,275,207,-263,-412,158,164,345
327
367
320,-434,377,-243,161,217,34,337,486,-8,-56,-121,-321,364,-361,301,-314,-35,-410,413,-317,171,-500,-119,-371,-444,129,63,-257,-408,-282,-260,477,281,410,-115,-326,334,-7,-248,176,183,-197,249,218,490,255,384,-55,252,194,416,361,459,-144,-101,208,144,286,49,-69,458,-183,191,-12,-259,-282,-437,-101,218,-377,-210,488,64,399,491,51,152,194,-108,432,222,180,203,498,67,-35,-442,379,-144,-219,412,-363,-91,274,-396,-184,-361,-46,180,177,-241,127,127,3,279,-417,384,-484,-456,-123,-237,38,136,304,355,153,415,269,446,-166,-8,299,468,258,-436,-213,118,102,-295,-494,-316,142,-134,-331,103,275,409,104,-179,50,-56,-229,-246,-32,212,401,227,97,306,-282,-410,-6,-20,324,-394,-26,-148,362,-413,216,393,-462,470,159,71,-323,-238,335,57,294,-155,-327,313,-304,78,57,-408,-460,-272,88,122,130,196,-466,488,-484,-474,-27,-295,138,54,-19,162,461,335,-217,114,-388,204,337,-389,-196,493,269,-454,-56,233,-2,480,21,70,-72,321,-465,419,210,-135,142,319,419,-442,-289,-29,-474,-135,-424,-166,-364,358,260,481,-107,-461,215,-320,186,-210,-457,360,290,-426,175,135,-346,451,409,-385,-141,282,198,-322,-148,-111,341,-434,210,-191,-337,227,305,-335,91,-475,447,62,99,-277,52,0,-255,-328,-199,448,143,458,-433,174,-470,-316,300,96,290,-2,-372,460,-239,75,-198,198,-75,72,10,-331,300,436,-28,-105,-397,-110,191,-179,-325,459,-56,282,208,-359,-27,12,39,-57,178,429,252,260,311,-356,-243,238,-196,-156,407,98,-406,-410,-141,-86,64,482,84,64,142,265,-113,-169,-374,-290,-185,40,-403,83,461,218,-424,215,73,-253,-176,45,415,179,-21,88,480,448,-370,26,92,475,-290,300,-335,-263,-89,200,-485,262,411,34,440,-348,-230,477,-426,50,291,-191,76,360,-275,474,-222
146
263
309,-223,163,-493,319,27,-338,-195,-167,-417,233,-435,495,-373,141,-311,299,-116,122,371,435,181,403,-1,-500,-86,97,-86,-216,367,160,-479,-494,-455,-86,284,426,-498,-490,-361,345,-256,-371,392,-462,-252,481,-232,131,-439,322,-344,232,364,38,-139,-318,25,59,77,328,139,364,-343,170,-348,-201,-251,286,-207,-177,338,10,77,243,-387,-428,-410,-158,-447,-63,-500,25,-225,432,-363,-6,430,-342,461,-390,-99,289,339,40,396,-470,-425,317,-405,-352,-240,316,410,71,-86,368,-496,321,140,20,328,16,-489,211,-251,-207,-405,45,-418,-143,-100,370,92,-409,481,406,-344,-370,-395,153,313,-139,174,394,-21,-132,-389,479,92,-83,-93,332,57,-435,96,45,189,126,-149,346,225,-270,201,14,38,238,146,155,79,-24,-70,-73,-148,383,-407,-85,242,-386,-227,-443,270,172,-65,372,112,-485,219,-349,356,2,17,421,203,137,464,323,168,-343,242,-444,-233,22,-157,-262,-232,-333,-333,-491,-263,16,-349,70,-367,-39,492,26,-487,-346,-78,1,-491,-205,-88,-382,448,-469,-250,-27,-50,-466,-91,-300,298,-260,-470,-81,-8,284,353,-438,317,190,-303,333,322,-382,-483,-287,24,-373,-245,-190,141,-181,5,-379,-372,299,102,-385,43,319,38,327,358,437,-186,297,-256,424,391,240,-310,-355,108,-57,236,81,208,181,225,-195,-134,-29,375,-185,317,-342,-477,-218,-228,-114,-37,-398,-398,457,61,373,-296,-459,-346,-70,440,402,492,-23,238,-248,84,283,247,-334,440,-144,129,-137,432,-469,-38,6,177,335,-252,461,212,-383,373,286,-115,41,-443,71,483,-234,-215,28,-193,156,293,227,30,125,-65,-420,-415,369,-458,259,-148,-413,160,-220,315,251,187,337,247,-215,-325,19,-408,-68,402,-229,69,-385,-306,419,456,420,421,-362,-179,-375,147,-248,224,-420,-116,235,-347,-389,69,248,-469,468,-500,-138,114,-186,64,-390,172,-253,211,252,344,-38,-245,25,377,-251,376,-86,-59,-164,-343,80,-399,452,463,-157,146,431,-349,150,-250,-303,235,-304,209,236,39,-31,68,441,402,-306,87,308,108,172,-217,58,60,-178,-125,114,-365,322,-288,-435,372,-322,-331,299,-145,-294,105,-101,-219,2,-249
126
239
-345,-459,-373,-267,-464,-398,21,-408,57,-139,-386,237,419,-494,194,-489,282,-127,-251,143,-173,-262,115,183,29,284,-109,-469,-415,-278,1,105,-449,-417,-386,89,270,-143,447,480,160,120,-33,-225,432,-38,-30,360,481,183,-137,-256,-244,-145,288,-248,493,-76,-239,277,-461,314,-397,488,-334,114,-404,88,-273,-194,277,483,207,15,368,316,236,-318,-13,-82,-115,433,325,470,-479,-243,228,350,80,97,313,470,-202,-390,41,165,-379,-405,312,190,-274,-474,452,-474,491,-316,451,-335,444,-491,-53,-500,260,186,-404,-427,391,-1,259,-298,426,55,278,-455,-153,-344,-97,350,-388,30,-57,39,-145,-469,-144,100,-24,-84,-18,-278,187,423,-389,-337,216,48,87,449,-391,450,-335,44,335,298,-332,18,169,-144,112,236,-333,471,-205,495,-265,388,-268,-102,-38,-173,412,164,429,-172,26,42,127,-267,-358,-258,-285,-295,41,459,-37,-170,-169,381,-95,260,-343,453,198,337,449,-198,-143,-318,197,379,309,164,-470,9,-49,425,-190,-134,283,-315,217,-208,466,-272,-273,416,-118,318,155,-34,-446,-334,-435,93,48,-86,-98,-172,274,-157,223,-156,-27,-292,-318,71,405,-143,-328,259,-279,22,120,-45,-302,-405,497,-338,88,79,148,-88,-151,-211,345,391,-457,476,-115,329,157,-86,-283,-95,470,-408,-431,120,-423,-352,-464,-192,-243,130,99,267,85,-185,-103,-158,-463,-459,-369,401,153,65,321,-8,-435,131,-238,413,-498,283
76
148
417,-434,71,-125,63,310,-496,201,-136,284,377,372,202,-279,-270,321,-457,-403,-465,295,-431,-210,-65,-311,485,-83,337,209,-158,-123,-476,-401,-220,349,145,254,-447,269,311,400,-473,-99,75,-88,-119,-184,433,429,228,55,387,-402,290,19,365,400,-222,-22,443,485,489,-294,-408,-137,-351,-268,-204,-85,-180,-280,-440,-368,254,-322,473,-378,-371,-35,439,-389,374,60,337,24,-412,-59,-24,315,479,-318,-156,406,-353,295,-402,36,-140,-241,-341,-500,-76,-69,-15,14,175,69,321,-294,459,35,138,-104,247,-10,326,33,366,-22,299,117,98,416,224,-346,449,-233,25,-14,-39,-302,-391,158,-300,59,92,285,-216,-108,-330,-232,-322,134,219,103,-220,210,380,-394,465,245,371,-494,285,402,363,99,99,-281,-242,372,-349,456,85,-347,24,-102,430,82,11,-152,253,-36,-86,74,153,349,73,-108,281,137,-157,-285,187,240,-307,-311,-327,-113,-337,57,337,-345,464,31,128,-355,445,446,-318,-432,365,-371,-488,-462,-212,-68,-162,-99,-46,304,-248,-273,0,-426,-448,104,22,252,-401,176,-164,-149,350,254,411,273,-121,187,-66,91,-323,492,-462,-193,60,-490,208,-137,383,-436,-77,-318,173,300,-261,-460,-194,-248,172,238,111,177,-349,344,-128,21,223,-213,327,457,472,91,-69,378,478,137,-266,-124,496,-393,415,174,208,269,-476,453,-496,240,-407,-476,347,314,311,133,-302,-371,396,106,-327,-192,-278,124,-10,156,-489,-99,413,-7,481,185,91,-455,-373,214,37,-410,-263,260,211,-377,-84,-225,-89
207
326
277,-79,120,263,-225,-78,-20,84,14,-217,-491,260,-461,140,70,425,-424,-71,126,-263,134,154,466,-73,254,-172,-184,-247,-294,147,433,-180,-145,-311,146,-53,362,-286,176,191,-476,-269,205,-120,-453,400,491,194,142,404,452,51,-44,427,436,-72,210,284,291,-65,-273,234,-309,408,222,18,-14,-284,432,-322,476,-480,-317,-80,225,-317,-446,-277,-170,314,106,10,259,292,-97,-308,0,49,201,415,309,215,-50,257,212,-228,21,-370,-443,-177,-156,-404,-290,-150,-1,-70,461,304,-90,-145,68,-468,-71,-482,359,-398,-13,231,340,-2,-80,-119,16,394,-141,220,466,134,33,83,22,-64,-484,270,-367,-197,413,-498,172,427,-391,-439,215,-218,295,-59,-213,238,83,-15,35,-276,-262,-481,-208,-58,-278,-202,-448,-383,285,-212,395,290,-37,-143,209,-187,232,286,3,-463,-415,388,-275,-69,-98,-414,-20,-281,213,-322,-166,477,-317,204,179,-129,15,284,434,-359,397,206,-379,-383,484,377,203,334,357,-183,102,381,376,22,8,87,-228,305,350,-250,-93,114,-189,182,-160,-212,-165,112,-250,-198,325,242,-298,-213,-365,26,-60,-471,185,-63,23,144,-448,12,323,393,134,390,221,294,-324,-246,378,264,-196,-85,420,140,-348,-490,459,-172,27,199,-277,-279,-113,-103,463,230,81,-190,243,-191,-202,-166,214,138,-14,116,124,-42,475,-116,294,285,175,169,444,-41,-157,-100,249,-19,-102,-242,-455,-204,-210,-327,354,436,-266,117,-53,70,-213,-422,213,109,360,453,317,268,-393,-373,-53,-435,450,282,-205,473,404,215,294,-229,301,-270,-109,118,-245,246,23,111,180,-267,-114,174,165,-63,-236,-418,-291,-356,341,372,155,145,381,-244,336,419,478,22,35,379,-500,-336,384,-273,278,477,491,-282,-229,427,-241,88,-19,466,422,-174,199,-184,-13,-489,39,-78,180,-278,-88,373,261,-455,64,283,379,-293,264,1,-297,425,453,332,378,394,-151,331,467,321,-313,-336,338,194,-30,369,-16,282,-456,-461,-243,-277,-40,-42,358,110,229,267,-111,-29,110,401,-426,180,388,-145,-380,-71,415,-116,332,-396,-499,267,422,-76,-80,51,-137,-441,243,234,60,-177,-431,-127,493,-424,482,314,-47,264,58,-210,-247,340,208,-285,420,44,232,-334,-41,-219,-275,359,-106,-363,-209,-118,-164,-213,20,195,371,-237,239,186,272,-191,-262,212,-2,-234,120
15
30
-390,143,441,96,99,-263,-261,129,468,137,388,159,268,-60,115,281,-14,-208,-7,457,254,-441,447,-415,-443,38,-248,241,-432,367,417,109,42,-205,-431,-382,-220,-100,-383,89,295,-131,137,-276,-499,-219,251,174,61,-160,481,-240,457,198,-386,-67,438,-48,259,-394,79,-100,425,122,-283,-166,-114,-195,447,286,182,-46,-350,-122,23,179,-154,-18,-455,-155,277,111,296,464,-351,-274,448,-452,80,-456,499,-144,-146,-109,-247,291,400,-456,-123,-443,320,421,432,472,-38,-177,109,280,354,244,-112,-215,63,-370,-244,64,-368,116,-225,74,426,59,380,-312,115,33,308,316,-122,346,210,381,-293,-197,378,350,-366,-244,357,-18,-156,203,460,400,231,-141,126,354,420,284,457,170,-394,-405,473,308,-48,186,455,265,-125,483,432,-86,-396,-27,-8,290,-417,-399,-100,-455,210,119,-94,-267,-273,-55,-243,-462,-273,25,24,-302,72,-282,118,-280,-237,74,460,62,-372,-457,460,-345,255,-41,-473,127,-245,219,-146,238,14,-189,460,-253,149,373,-149,-315,230,-400,258,-75,-364,-48,400,-57,54,28,401,-208,77,266,-134,-103,-97,-435,-375,377,-379,-83,86,353,-323,485,-88,240,61,-431,-99,-289,205,-394,114,455,-273,3,-477,454,-10,-59,344,193,424,481,197,275,322,99,108,244,118,-397,480,-11,-45,-497,457,-161
136
218
-430,338,344,-197,-300,-136,433,-395,-21,91,-164,-296,59,394,-123,-476,339,352,-271,-43,-278,340,297,-193,-365,68,120,-76,-273,-248,-358,73,-186,-429,-285,-313,449,123,-135,77,-330,290,-17,-94,65,-475,-162,296,-212,-78,378,428,-365,-282,-169,178,334,-188,487,-282,388,242,89,-483,-496,-283,486,-6,195,173,315,332,422,380,-442,492,313,-217,-440,-11,125,359,182,20,-189,89,-61,431,471,-63,-19,10,452,-218,-334,340,-499,-434,167,136,342,-62,132,-161,397,269,224,123,-441,-178,341,-401,99,133,-32,402,357,337,-9,-142,-215,-417,-73,-131,-403,-144,249,-78,489,-350,-256,-2,205,406,345,-357,-129,401,-457,-53,327,-76,291,-190,-311,478,-179,457,-25,-262,17,-385,120,259,480,450,393,-453,306,-125,391,-157,-459,-312,-146,173,269,-254,-144,485,208,-217,-379,-130,308,434,196,-223,-160,486,340,64,-396,-190,-215,-40,-299,462,-426,101,233,-317,243,-489,123,-7,91,-214,-84,-382,-483,-356,-465,-437,-163,-184,166,75,287,215,230,412,23,214,-372,231,-233,-22,-486,276,94,408,274,-153,-23,257,238,221,465,435,450,-306,-222,155,-425,389,443,325,-284,194,390,142,451,248,-3,401,-59,-86,255,-442,195,-375,78,-383,-278,-495,-338,-426,-118,25,-451,66,203,129,-223,124,-147,-90,-254,123,-270,-71,286,465,218,326,194,213,123,-241,308,462,43,352,26,19,68,86,358,-144,-430,-79,-407,-261,-260,-95,0,-355,-284,260,-160,-484,221,29,-422,332,344,-271,426,-251,-45,410,-462,168,175,46,-394,116,-156,-86,-220,-91,-213,-336,-486,4,71,288,123,-55,201,-213,447,-35,-33,-54,350,-380,241,-451,473,415,-401,112,238,320,-334,319
30
252
490,141,29,253,-16,-57,388,183,-147,373,286,306,-311,-53,-410,130,216,-128,390,-234,-78,329,45,236,-63,-88,339,-375,486,450,252,229,361,-225,-386,-398,91,258,313,-10,161,439,339,-474,-57,-292,-427,90,-33,-120,477,392,453,265,88,8,352,-134,-108,326,383,-327,-9,134,-499,38,-288,242,186,31,192,-89,-152,24,-340,366,231,248,-238,54,-267,-97,278,-66,-458,196,-40,264,243,-45,-109,281,234,-261,-196,-306,490,-90,-275,-464,498,193,133,-160,-107,27,-234,-291,339,475,411,138,-113,-158,-404,-219,-184,-73,-225,242,-289,-151,117,-114,228,407,294,-385,-163,-316,-270,33,-339,94,333,-469,68,-371,-91,-240,136,-447,235,90,408,68,444,-415,-399,-426,-45,-176,-449,-249,317,200,282,120,353,198,-422,402,-350,248,0,-152,290,406,138,193,284,371,-397,-99,-210,-70,13,241,-238,493,75,301,-233,248,400,-182,425,-132,478,65,105,248,-84,-25,-326,98,-25,-308,258,-93,211,243,-56,-63,366,172,137,-186,-231,413,105,-3,108,151,-280,389,165,204,-446,37,389,415,147,359,335,-500,142,-86,253,30,96,232,-47,391,277,-482,325,154,62,-22,152,-500,70,-242,326,-343,104,-206,66,163,191,-400,339,-426,-79,-391,288,-25,81,461,-160,-110,-233,304,258,114,359,472,-50,171,115,146,-409,-437,109,380,-138,63,-332,429,-444,67,-366,377,-101,257,337,265,-366,-29,344,183,-61,19,-162,-274,-414,-169,-407,-120,-156,-406,-30,-406,-31,45,137,-62,392,397,33,-431,366,294,-128,83,-317,118,-426,10,321,-180,263,210,-71,-258,254,448,-244,-54,335,-316,-197,-204,17,-306,-309,119,295,-187,-152,215,362,281,-435,-414,-115,-166,14,71,484,82,-366,-298,497,-155,264,-489,-460
133
166
496,466,-322,161,-472,-404,151,229,283,-122,-283,218,231,-428,371,59,-73,466,-328,338,328,26,9,350,451,-459,-171,-247,30,-138,421,-328,-369,-486,-345,494,-90,188,-98,-438,-275,373,223,-444,-153,392,-463,-409,-358,-53,-134,-136,90,26,251,308,147,70,-249,-368,-93,387,493,-142,491,367,-17,85,-216,-74,-457,402,105,-86,341,-183,383,215,271,151,-492,237,422,-343,345,-242,-144,-209,41,-312,432,-180,-277,493,-138,410,208,-107,356,-494,-342,-43,-50,-127,212,433,-411,-418,484,-419,200,-177,-359,-399,191,-60,-141,-230,262,315,-234,-379,-125,-158,-6,239,76,-380,195,-335,88,282,-17,111,440,-373,-287,430,217,406,418,-67,49,284,-282,229,-117,251,-174,-78,17,332,488,-364,285,-146,-36,7,316,92,-433,301,-241,-127,-299,230,-425,-428,-491,-18,85,-434,-244,-491,-364,272,-65,-117,460,-222,-341,-126,499,-314,-462,-34,-471,-29,277,-145,304,-226,32,-161,318,434,119,143,377,-320,363,-236,294,-462,80,199,-18,65,-306,-78,174,342,242,-291,321,-67,433,-167,444,-106,-359,180,-242,30,67,-277,-399,-262,-48,454,417,-5,-377,268,384,349,65,-193,-28,65,257,179,38,483,35,-72,-80,-42,168,-424,-14,146,-325,-270,-384,336,315,115,332,332,294,-146,315,297,-314,387,295,499,-110,-181,305,470,468,108,-88,-500,-110,127,122,-141,-164,383,-314,-276,-303,44,-20,-464,-187,-219,-238,229,443,-275,-468,-258,323,76,78,-191,-319,374,121,458,-374,320,-248,357,123,-82,-91,433,351,-246,-283,119,-443,200,69,74,-44,396,-320,56,-92,197,150,215,275,203,-110,-461,-496,-5,208,-77,255,251,-175,-277,186,-55,-500,-20,-272,-218,-373,120,-212,200,-465,-86,-115,429,409,-22,-323,-309,423,118,297,-284,327,-212,276,-121,-230,-445,-40,474,-336,-254,410,-493,172,-352,345,126,-389,-325,434,152,-385,-284,203,-421,-118,-217,-230,138,137,8,-231,-4,40,-295,113,-363,412,-120,64,128,-296,-259,297,-271,-25,106,414,382,402,11,-332,-202,407,-172,170,362,-1,442,487,32,-142,-463,224,286,-6,437,-173,-453,-8,-299,-140,57,126,489,-183,239,18
108
190
-58,-317,423,63,-373,203,-248,-22,88,335,-395,12,-22,-316,119,306,498,-272,396,-445,-130,-486,-318,-209,492,478,141,122,466,320,-147,480,285,386,334,75,-259,-231,61,272,465,-255,124,72,380,200,-181,370,219,216,-68,461,-423,-394,-496,68,498,-104,-206,402,-256,212,-480,-156,-363,-37,-222,-490,70,180,1,-219,-272,101,-483,-84,3,-284,90,-253,-129,131,264,233,86,-230,142,202,-160,342,-189,-37,-275,392,-232,-334,187,65,-107,291,276,-335,255,-131,202,327,-334,-444,-6,146,-31,-41,91,309,-417,-87,353,-135,-335,429,459,-299,138,-366,-427,153,-54,222,-270,-472,-116,383,497,-28,107,-236,451,-309,0,-101,63,-130,218,147,474,-5,-317,361,-50,-232,107,-279,-250,304,-324,-30,35,307,-135,-292,-218,453,-453,-115,259,-328,353,-66,86,213,-373,29,-52,-266,-373,-388,17,-385,417,-234,57,-493,330,-374,61,411,92,-32,-243,-143,-255,-440,204,371,-323,194,364,-229,-27,312,159,-86,278,-305,95,-451,-417,-227,-21,392,117,428,358,22,-47,-204,-51,-317,-345,23,-115,-487,-74,-82,-289,-434,311,-375,-167,-297,387,-236,338,21,70,197,178,-114,-318,481,12,-121,450,214,-463,-11,156,451,217,-365,369,-444,-200,-395,484,130,-284,-406,-156,215,-409,-303,472,63,21,131,-282,-94,426,6,-495,-418,-399,105,-323,217,-451,99,191,12,-282,-153,493,-6,307,442,-441,-120,-410,436,-15,-72,248,116,-137,-307,225,-26,-428,115,204,-40,-226,62,-475,-469,-367,-328,384,53,54,185,399,155,72,-282,-112,251,-428,172,-39,-281,-470,94,-231,334,-444,-381,132,-28,-495,-357,-374,-222,-201,-265,228,-399,-421,264,188,-473,110,-481,-167,132
269
286
280,-406,-52,349,-150,77,322,330,-451,4,188,-93,-269,464,-42,-19,-165,-473,108,-446,-78,-401,97,-76,250,-455,-115,488,141,373,209,-235,-113,163,-222,331,-450,266,-160,136,95,169,194,-323,189,-350,-31,368,288,-201,101,-421,32,452,-209,297,-19,204,476,-39,-123,440,-262,-413,120,-310,386,-137,372,248,-477,237,432,427,367,30,111,-81,156,-294,3,101,233,-45,58,244,-246,159,378,231,194,-205,-83,120,133,-358,-279,97,175,245,-257,-181,-28,132,397,-137,-347,283,178,-486,156,-457,78,47,-228,8,-420,-156,103,73,-404,-403,-170,498,-471,-25,-433,-473,324,-179,-202,-39,-189,295,322,-398,338,-295,-142,-314,52,464,316,-347,478,62,-334,-268,-264,-290,178,276,25,-356,-119,-190,-482,-245,451,-59,-50,-134,313,215,285,-295,-409,210,-45,-443,241,-468,41,347,-399,173,-385,425,112,-347,157,96,7,299,44,-450,48,88,-433,472,-146,97,-389,452,-243,-85,153,-324,464,-367,-36,-377,174,-79,-140,201,-385,-259,261,-77,-120,446,268,-235,377,330,-144,472,-312,-498,121,48,-12,319,-377,262,-449,-367,33,-244,-48,267,-383,-310,381,202,-327,253,426,313,-404,87,88,338,155,202,-163,-105,-486,-59,-125,-359,87,137,-280,66,-498,-122,-318,366,-236,358,236,83,326,-485,-6,-463,-76,36,213,492,-232,-310,-165,39,-443,153,-106,-29,366,411,-377,-74,261,-314,-137,-498,-364,214,-454,380,-205,373,96,61,455,446,433,275,451,-135,13,203,-411,-120,173,200,303,-336,257,85,49,44,463,71,-480,140,245,248,-179,34,267,-248,-356,5,56,-202,143,-90,455,-35,-321,-80,-307,-430,-145,-419,2,241,-4,-21,-430,126,141,133,-465,-223,-101,446,-19,-28,109,-64,-439,230,451,-374,-177,114,188,441,22,-479,110,-123,-326,-213,-367,-244,351,-179,137,396,-52,-35,127,410,227,1,-374,-416,-300,109,-241,50,489,67,-174,-335,-95,-404,-456,-439,-4,413,-5,-155,-472,333,345,66,414,-142,-263,-351,436,380,-38,-258,192,-87,98,254,-275
257
276
307,-198,2,-126,-199,-399,-462,210,350,147,345,-75,-1,-322,-427,-345,-500,460,-274,-203,-374,323,-162,395,95,-62,157,29,162,-338,-370,177,108,19,-62,401,-161,-354,-9,135,177,199,244,490,221,-124,-484,453,-114,-376,-404,54,-391,386,-229,435,54,442,341,408,250,302,-493,-450,269,-253,3,93,267,-345,-496,10,385,139,-194,420,373,486,252,296,386,-403,-10,-11,-209,439,405,-174,435,332,478,475,-376,189,60,402,-23,-338,-118,-63,-144,248,481,198,432,28,170,440,-492,466,-391,494,235,-97,479,183,177,-123,362,220,195,-44,-181,-415,-242,-314,163,498,212,-392,-269,130,-188,-99,423,-465,-371,197,-34,-334,87,50,-232,346,94,-229,156,-488,227,-95,-91,-219,361,63,-223,431,113,470,-338,394,-197,-106,105,-12,313,-487,188,49,41,-462,347,173,416,483,-292,-312,-211,140,-31,-269,33,-65,-454,272,457,287,59,0,253,-223,-104,127,-215,-405,265,-47,309,354,-114,-200,418,-465,-416,229,84,-183,153,-116,111,-170,401,180,359,346,54,35,256,427,-129,409,54,-85,-379,-389,-390,268,-9,272,322,74,-48,-296,-412,-247,-217,295,391,184,-365,497,301,197,-127,-288,497,232,123,169,-135,-164,-329,-51,288,-64,-319,339,-29,-461,366,-189,453,118,22,-243,-318,-269,-371,-369,-211,267,-370,5,-338,6,484,331,395,259,287,326,-95,-496,-1,121,127,51,-351,28,-9,70,243,86,211,-391,-396,-333,488,-86,-387,-200,-103,471,295,299,259,212,127,-352,-288,-184,301,-193,19,362,-195,233,431,-383,-361
118
209
250,-27,95,-91,240,58,-82,41,147,-151,474,354,18,284,-440,-481,78,-88,88,-309,-340,2,-251,49,311,-423,477,-1,-40,327,464,151,99,-342,-433,-145,103,175,-318,-462,-87,-482,-411,-112,174,320,-472,408,-101,173,-318,406,386,-414,113,-352,-44,-209,-119,-182,397,-345,151,233,-88,-48,192,149,-256,283,-125,399,265,-171,279,154,-143,68,-150,190,-282,414,360,-457,-148,-150,260,364,123,-238,486,-196,147,136,-47,155,-187,365,239,177,-432,32,-444,-484,309,-172,-444,-52,247,-237,34,-292,-382,174,22,304,455,-402,-263,-342,-391,-219,-224,-297,-105,118,243,238,230,243,129,-423,-293,-51,170,284,-182,-259,416,-462,-187,-431,107,334,-299,-309,-448,95,-410,219,261,-267,170,-475,-468,209,-356,181,-447,-15,-177,439,201,-480,-261,451,289,395,228,-331,-80,-480,-73,75,-398,-294,-343,191,498,295,-227,340,-300,-198,-486,-306,-68,-220,-273,-174,-34,350,-308,268,67,-159,382,-400,-292,30,31,320,487,138,-272,371,283,297,187,143,81,-212,361,173,-399,-228,-163,171,-26,-490,43,-120,-369,257,-15,-72,371,426,392,494,-424,497,422,-399,-176,-92,76,79,369,441,-105,-169,392,-399,-83,-445,-191,-112,102,210,245,-39,-235,-53,-432,223,-455,-91,245,-34,156,468,57,-25,-249,485,-167,-166,344,-325,-495,438,265,178,162,356,-170,-439,495,34,403,205,237,163,87,-352,-220,-365,370,408,-346,385,430,227,-270,245,-484,-496,-451,-368,-241,98,463,147,-235,-154,-459,416,-129,43,-16,-195,62,241,442,335,-200,417,-168,18,-418,-99,136,454,-53,-223,344,94,171,-18,-215,-342,-227,-152,350,101,-97,333,381,-391,-235,221,472,-275,285,1,-312,-48,137,-420,376,8,442,-105,-95,443,166,-287,319,-273,-234,435,87,-267,-313,9,-445,207,131,-348,68,242,-118,-156,-349,399,-382,-365,132,-100,-191,-91,-25,88,2,-389
132
419
21,239,-454,-2,-195,-484,344,-196,171,47,-88,145,-309,127,-3,-283,191,381,-227,264,-384,28,-99,-70,209,78,-125,-370,-216,-407,-404,209,441,360,138,137,392,125,272,344,-205,125,462,344,250,-124,-68,96,92,39,-75,269,-465,353,402,364,27,469,367,83,492,186,-114,-473,323,-299,406,480,192,439,-161,-63,-403,-241,421,-236,-135,-117,-433,402,-304,-256,-469,416,-244,-383,368,-411,459,-69,-1,368,-44,415,-266,-354,-170,-191,-366,-423,-128,102,-103,-140,375,-70,458,74,167,-473,-351,-265,-368,-294,299,142,356,-153,-302,362,-269,164,493,465,-372,203,-304,-55,128,481,-109,270,-340,-348,-223,-20,315,362,-312,439,-235,-4,-65,306,81,-111,321,-492,-118,-73,-347,-50,480,236,-105,-207,-34,-85,95,-315,-28,146,268,61,105,-457,276,-250,254,315,107,-67,-31,271,-355,32,-243,-293,-255,93,35,-411,-123,-186,-497,7,-104,-410,-471,209,336,-90,-267,-83,-199,-24,66,82,-282,-435,-76,376,-201,-366,119,11,-145,132,-167,-406,40,428,377,118,-459,214,18,-368,-148,-5,-98,251,431,367,369,41,470,93,-36,482,-374,430,313,446,40,456,-190,-276,16,-397,-103,-5,249,-9,387,253,178,329,182,300,368,28,75,-427,255,-364,-350,-311,-9,270,-38,185,53,-12,217,-38,346,77,-130,-50,300,104,72,338,7,-88,-470,-361,-32,-285,407,231,-434,-19,300,-303,261,-413,-250,-432,-16,-55,-480,245,290,-140,-168,365,-46,-45,263,78,-111,-280,420,-469,88,-467,333,-306,83,-430,-239,-403,-68,-6,444,-115,-139,429,87,-53,230,-215,123,-262,239,49,-54,230,-110,-432,-181,-289,265,374,144,-71,407,337,-67,-488,246,-209,-193,425,484,-192,-457,-180,194,-416,-174,-402,-292,290,374,-238,86,-104,187,455,296,374,475,-107,32,-417,79,289,265,-400,-128,-8,405,336,-105,425,-180,233,-215,418,233,-320,43,-124,-331,-393,270,243,363,-435,-146,-475,167,179,-307,-339,108,103,-65,23,-8,421,-39,-53,-378,-223,403,367,303,-86,400,100,86,-304,-274,355,439,166,-106,16,427,314,49,-340,459,-182,44
22
100
24,314,307,-13,-205,-197,415,413,393,23,432,-291,-365,-106,-220,-446,129,-152,72,181,54,-146,191,-9,-490,-467,-301,-302,463,-451,-293,-74,96,-409,408,451,-366,110,365,-122,74,405,-348,44,8,-354,-177,395,-32,466,-319,-64,203,460,34,19,-440,199,-400,383,-44,-432,97,158,27,271,418,402,9,463,-14,-291,362,-243,264,-254,10,45,413,-84,-341,-385,408,-276,393,313,-19,256,-285,38,-136,-361,-128,-148,340,-215,26,-93,-413,-261,68,481,-80,-152,-236,-253,321,-437,-27,-50,426,210,349,-148,416,-140,-115,82,444,-246,-438,-43,31,-157,-234,124,-8,-78,116,473,-265,-37,415,-222,333,155,245,468,170,-164,205,351,-277,-449,-374,228,14,164,235,-422,-477,53,-343,384,-15,-174,380,-379,33,-123,-358,-412,-365,205,-435,380,-364,264,64,-85,481,-384,-322,-430,290,-207,487,227,374,233,183,-329,150,-267,285,-60,-351,-411,-11,-445,-108,30,386,208,107,198,-28,35,-319,164,-391,-340,424,-116,44,-317,-331,-462,319,-115,-365,-89,389,-269,-206,471,-487,-380,-229,419,180,234,-284,41,295,-254,115,-463,-26,-75,424,-205,197,-164,-197,-484,-326,-200,407,488,-442,-393,-134,-143,-471,-413,-230,-251,257,92,253,277,-81,254,180,-438,-306,-483,110,179,153,-284,109,73,383,366,215,403,381,84,-148,-379,489,348,350,427,295,322,-423,-276,-414,-87,249,234,368,-134,-157
72
116
-430,-285,307,249,492,-400,125,393,-101,242,338,-60,236,-478,9,-68,294,323,233,99,61,292,179,-412,368,-51,-355,54,299,-250,334,351,121,-446,-366,381,-87,-406,-279,-144,-476,-473,-296,131,393,-105,11,-223,-43,169,405,-244,458,-341,38,-392,291,416,15,166,73,-496,5,5,-379,-393,336,-421,451,-329,-233,-182,223,241,98,325,494,471,-372,185,-36,-195,-29,481,-339,-178,228,-247,410,-101,200,396,-485,-346,237,369,-309,-387,-118,-48,-460,17,-188,323,496,-122,-410,-337,-415,213,136,450,446,-59,102,-482,474,-295,-397,307,482,-149,75,396,259,253,26,-393,-58,-408,116,256,-335,302,138,-233,-364,337,29,-467,-20,-321,-477,-434,71,325,-493,288,301,488,398,419,327,138,476,416,-258,-239,136,-461,-109,-396,26,-251,47,-449,431,458,302,-433,-26,442,-356,-225,25,387,-460,175,206,339,-175,110,-14,267,-133,366,369,-169,-311,-82,-164,-230,445,422,-193,350,-392,35,373,481,306,442,-341,-301,-42,-23,119,348,344,145,-245,-438,-340,448,-343,208,180,251,132,-221,422,-72,296,-274,88,-415,176,-283,-431,-459,-342,54,-35,-328,-103,-405,-444,-245,479,220,-161,278,-499,-390,-64,394,432,270,486,211,-415,-120,122,114,410,-28,65,-95,496,-250,-499,304,281,30,-454,125,-268,-417,451,151,-177,273,398,-21,344,-130,-21,-153,420,106,-20,244,-34,203,-279,-350,213,-384,427,-421,-84,150,-102
253
343
36,203,146,-499,322,482,187,-113,-109,-18,-67,-196,-274,-189,277,-328,-66,217,288,-329,5,372,-210,-242,-94,-183,-255,273,280,309,69,-161,-35,448,-314,-231,-84,254,113,-78,-401,326,288,-15,140,-428,-283,-335,-53,433,-367,241,217,82,-382,479,-132,-202,-129,128,-76,-392,-94,107,-190,229,113,299,416,-57,352,259,-212,312,-178,260,298,-317,-206,-463,-346,-69,443,-388,-45,31,337,-175,226,181,-277,-416,122,-236,-178,96,384,-218,94,15,483,-479,-132,-258,-449,423,-220,-39,-171,275,-358,452,203,244,305,17,-323,-201,-73,-273,135,-132,-431,292,165,403,478,434,-270,407,402,416,-199,80,-398,303,-116,127,294,149,446,450,-136,-321,-121,-265,208,-106,-36,141,313,-356,88,358,-196,353,155,-447,-193,-34,-244,341,-495,162,-210,-289,92,-150,-27,68,-496,-261,172,482,-472,-468,-403,-312,355,391,-148,23,122,246,336,352,225,442,294,84,123,-130,-253,-149,238,26,198,-76,360,-228,409,403,-443,400,58,488,-322,240,-158,-428,328,271,73,-129,-162,-384,-413,-483,275,156,-317,175,152,119,-53,493,-394,204,101,305,-335,-457,-431,-474,-206,-328,-100,-208,23,336,289,-258,-368,275,-314,458,225,-299,302,-143,-201,-270,174,333,65,222,447,-409,437,-117,375,426,467,64,-61,60,-6,390,349,-122,437,-386,-298,-198,138,-130,265,-421,-321,419,428,488,177,-95,427,-445,26,133,-165,174,390,-477,407,-299,-141,395,-229,222,-318,39,67,-195,-58,-248,334,220,192,-187,45,-104,-444,-299,386,-409,20,-4,382,-139,-9,-374,-77,133,118,-439,267,420,67,-427,-261,354,494,166,-80,26,-99,176,-404,-455,-265,340,-355,-77,189,-97,-269,-400,381,-72,-69,-82,181,415,-412,192,-95,249,477,100,-87,-176,178,-61,25,-89,-71,497,342,-36,-227,-420,-310,-74,279,241,357,-435,-229,-126,-256,360,-50,267,-418,282,-198,452,146,-266,11,-399
123
213
219,153,173,61,-321,-444,-347,-346,291,488,412,68,-277,-145,-26,162,-298,212,322,-32,-133,-234,313,-352,-390,-408,-147,349,-279,-91,336,196,-193,-55,317,188,448,-318,-330,-286,294,485,428,-275,-120,-459,221,249,290,-465,-35,223,200,-359,-397,489,-456,136,486,-102,-5,-199,-299,-108,328,287,352,-116,-418,-285,-146,-145,-109,-62,-149,-96,93,264,-234,346,-212,410,293,-465,91,-383,141,-269,-111,-405,-343,-205,72,-333,-114,71,-214,32,-78,367,-230,-333,471,-55,-122,-181,263,-368,-425,-421,357,120,330,-366,294,-482,-169,-21,-486,325,-125,211,451,-29,-244,-81,89,-270,-352,-160,231,-110,186,175,-419,43,-117,-253,419,-239,201,354,71,464,494,-477,164,407,-464,385,-89,153,-40,188,-282,-66,-342,90,-424,144,-136,43,-213,-167,66,-366,294,-390,470,-497,-5,150,128,-303,80,454,470,-135,-365,349,403,282,-248,291,190,244,-72,-433,462,463,-353,190,-332,85,170,272,381,-144,220,321,-334,-261,228,429,-242,-251,-156,-275,28,-473,-464,-346,-53,-433,-328,-216,471,341,300,-44,-292,-277,-420,303,-215,-7,385,380,55,-434,267,-203,277,-117,232,-143,-390,289,-266,49,-435,83,493,-443,420,62,276,484,-40,52,166,-424,425,496,153,-352,-5,188,419,-57,381,119,280,121,322,426,405,-218,-291,-87,211,271,142,15,-480,-458,-197,-230,127,354,-163,-11,282,159,41,100,-374,-316,-258,210,372,422,458,-417,71,-318,428,293,373,184,-179,378,302,75,105,72,-148,-59,379,-121,215,-49,-222,-436,-467,-427,326,290,-164,-336,-58,-161,456,-283,-54,-238,-108,452,-280,-240,-306,-5,390,398,-124,480,11,313,-387,381,241,-327,-346,-42,-182,228,289,134,143,383
243
455
252,-443,318,65,-152,19,97,-109,-480,-144,199,-291,412,216,435,364,-202,-294,-128,372,-487,-63,-155,389,60,178,-455,299,107,-1,112,-169,499,-198,338,51,40,230,-228,-261,-259,134,270,431,110,17,-184,-339,-91,189,-191,-237,40,-80,326,-22,339,-42,-4,270,0,37,-222,202,255,-68,357,-88,83,-70,201,-450,68,-413,-239,364,226,-356,-52,-286,76,-184,-212,31,-475,-261,164,260,-457,-245,-275,-178,311,367,237,-350,325,-432,-59,-468,-25,-196,-83,-176,249,-431,-210,17,-30,-306,-117,-137,-306,485,-371,-37,-444,13,170,246,-389,260,-111,16,326,-126,341,133,-479,-480,276,-254,-210,168,-462,309,-399,334,-89,273,-172,-157,49,-24,40,-350,-89,276,321,-461,-100,142,100,102,-260,-296,119,-166,295,78,-59,-69,310,-82,21,-383,350,8,-281,-19,-472,-431,-318,423,227,-478,-92,10,-473,-67,343,377,-369,255,412,379,266,353,96,138,197,433,15,-206,-295,-187,345,196,-356,-81,-9,-390,-137,-420,42,-67,-189,-9,393,442,497,195,172,499,-187,365,170,297,-162,-1,235,-57,-467,457,-117,339,199,-133,-252,-203,-120,189,382,-222,390,135,-58,-478,47,-428,-440,-427,464,345,-326,156,-428,372,335,196,-107,-313,453,-491,497,492,4,-447,108,-413,-317,80,-218,486,-336,-384,321,-491,-309,-22,250,173,-489,71,289,148,-65,-246,-434,360,-110,-434,26,-443,82,152,-377,-363,-58,-200,-187,-239,-311,-375,83,-98,-137,-264,22,75,-171,113,-168,455,-366,-12,192,279,165,31,-231,-131,444,301,290,-156,462,-372,186,-352,-162,-412,-34,442,-420,139,17,417,-318,206,-185,149,112,-286,245,-252,-300,-127,176,-345,-23,-80,-208,-65,-189,444,-135,289,-163,404,447,-311,-409,186,-125,386,-89,180,62,27,-454,-337,-272,-458,175,-53,-146,450,-247,-471,6,-432,448,-48,-224,58,162,-361,-438,-377,-174,294,-48,412,-451,333,-1,-268,-154,-2,-339,472,157,494,-186,-206,-424,318,-219,-405,-162,-48,-427,-283,300,-307,-469,218,-450,43,355,187,-93,-436,-197,485,-499,449,175,-83,476,-339,66,-4,-89,-489,-131,390,454,96,-256,-259,-426,-198,-349,-134,402,-279,63,-181,314,155,213,144,355,2,330,448,411,-357,175,-360,423,7,57,3,-190,287,137,-330,-76,-228,393,-342,462,-188,257,-420,-251,-415,62,105,387,-125,-153,419,-99,-130,499,481,33,-490,458,-230,-111,158,-226,25,-275,-375,-403,301,-200
281
402
-148,183,-9,-53,93,-405,72,223,-429,42,339,4,-218,-229,348,160,80,-13,199,-387,433,-96,290,368,-497,-367,32,-414,-363,334,147,219,95,300,150,-102,96,-455,-484,201,-256,389,-33,69,221,-207,241,-268,-252,314,24,-361,-396,-379,-22,-161,-256,87,302,-173,-1,300,330,431,66,77,14,-175,-271,391,-451,253,378,406,219,-327,-361,-319,-1,-470,-454,214,470,397,264,70,-23,-206,112,-5,-443,194,-129,334,-195,-271,-15,430,-218,382,453,251,-169,176,205,-288,-134,419,465,-226,-61,-8,-241,-187,-275,82,-199,-459,347,-491,-452,-221,-182,1,160,248,224,188,-376,-173,232,-155,-384,119,-82,148,-58,311,73,120,-89,229,50,289,471,242,96,-157,-341,-240,-59,-4,439,19,472,196,-497,-451,-329,475,-364,-167,161,-414,-34,480,-306,-425,184,231,-172,-285,421,-326,-497,-112,-324,-63,-261,380,-30,-200,-127,75,389,221,-164,-447,473,195,-81,-156,-271,91,165,495,-245,-22,348,-341,400,61,-386,-231,-82,89,-418,27,196,487,-204,352,-70,100,285,-498,251,135,274,49,328,-412,-230,58,242,13,-129,483,187,48,474,318,449,180,-92,85,288,-27,483,253,-141,431,-75,364,23,151,123,-7,-236,-252,-411,-62,-215,77,430,192,-373,-20,468,-488,-359,-160,190,291,271,184,-142,-380,-291,219,234,289,-220,-91,-62,163,-195,-236,457,-104,277,-335,442,480,-320,9,-170,-164,105,115,143,418,3,-20,-93,-227,-81,174,195,-446,395,327,-160,325,323,78,441,346,479,432,106,279,-279,464,165,414,57,-434,406,-191,-145,-482,301,-266,115,-423,-123,66,-244,305,220,-326,196,381,-105,-380,45,260,-156,-412,91,-393,379,202,-36,71,417,-191,-256,-314,186,-477,457,73,210,119,231,-62,-191,333,-109,-219,-223,384,134,368,317,426,373,-427,-313,-210,-309,20,86,110,363,-287,299,-356,0,182,494,-434,-316,65,-390,-197,-7,301,25,-31,239,-298,5,81,-445,-498,-347,43,384,-123,56,27,180,221,297,-299,154,59,134,-284,119,481,-497,-18,187,-391,160,443,-234,-260,-77,-396,117,297,-83,-367,-8,-63,-437,427,-207,310,449,320,346,20,-42,36,-13,408,-232,332,-72,373,159,70,-165,-291,-95,-107,147,-372,154,-167,-240,417,269,155,57,-394,11,-10,100,-194,62,-456,185,286,-205,303,-44,-108,-117,329,358,28,-204,-116,-57,314,408,29,58,-151,-486,460,372,-398,496,-37,-150,-128,89,-105,-290
144
202
-219,-36,398,-323,187,-495,339,-457,-100,143,256,-119,-75,-196,363,3,242,-179,-127,489,209,210,-485,-468,-398,42,-236,360,-467,-472,-350,486,328,229,-346,402,-252,125,-471,167,-365,94,-211,317,80,50,54,165,-286,270,-453,387,-194,-62,-35,-238,385,401,323,-338,183,-493,334,363,475,62,432,155,-277,-180,428,412,382,-59,-446,-145,-347,276,298,-179,76,-33,-134,-420,436,113,-3,-401,-42,-214,138,316,101,-50,406,375,-40,-238,359,164,-12,218,-393,354,26,360,433,-437,282,-208,-69,-441,-93,7,463,-256,-347,9,448,448,-259,417,-426,-386,-163,-293,-67,64,-178,29,-448,-486,298,117,374,-419,202,260,151,483,-151,384,429,-217,-340,383,-311,-55,126,31,464,295,475,-302,138,255,-351,-201,72,65,191,-484,271,-487,-133,-249,-115,-407,403,-484,-273,446,-497,257,-180,17,-383,-99,82,326,187,470,-125,345,68,106,-253,372,-250,326,-119,325,103,-390,-440,-156,-239,-443,-135,475,312,-419,126,-466,-264,150,261,121,497,348,-25,9,136,-36,20,258,475,380,-315,-336,264,-45,54,18,226,275,382,-248,-438,-37,180,-491,102,249,160,-193,224,61,27,75,-82,-64,-317,-282,-471,-109,-129,415,-28,212
163
273
-74,-68,498,-133,-381,110,-193,29,213,-432,-83,66,396,-321,-471,246,356,-129,388,-48,249,114,210,-86,-344,-461,194,-131,-191,497,-251,-343,220,-217,125,-383,343,-256,-237,117,-335,375,69,265,-394,85,-438,-157,-8,44,-237,-46,182,424,208,370,131,69,-284,-317,-434,372,423,-71,242,111,-282,-489,-359,-212,-192,-379,-382,-490,-145,-384,-325,358,-182,336,389,-175,-413,-363,-21,275,361,467,278,-15,-148,172,-375,444,-207,-476,51,-223,-351,120,-34,374,122,-296,147,-377,337,-229,320,6,-6,-110,240,-439,447,197,-347,253,281,-431,148,-455,-483,-61,-60,301,-410,-370,205,-167,-301,-480,-318,170,-404,178,490,263,159,479,16,-390,-455,396,-475,-182,427,365,103,-291,-485,-143,288,266,-29,219,110,300,347,258,-166,323,142,-462,-113,469,155,81,-239,-78,163,-266,416,125,281,443,207,-2,-221,-349,381,436,-220,-306,-96,-184,-149,-310,-208,492,195,-36,-241,75,-232,92,-77,466,-229,-10,62,-60,-302,-59,-461,315,-169,426,356,170,-253,-198,-340,-288,-17,485,-466,270,263,-453,433,-462,92,-247,304,-44,-100,417,-438,317,-57,-64,379,-80,321,424,-475,121,79,278,327,41,-56,-442,-201,364,257,66,335,441,365,-318,138,-128,-80,85,-150,11,-298,-499,287,-485,-252,321,-491,131,114,-164,-189,-383,-196,-366,-21,-175,44,-77,-253,-460,430,344,-121,-323,72,-350,265,-380,-165,475,439,412,-342,116,-498,-89,294,29,256,49,-53,-85,-136,41,67,27,-466,-212,-259,-459,3,348,-438,-100,74,-322,68,-319,457,-406,-270,-81,-285,403,-244,-470,-116,-107,280,441,-408,366,47,314,-472,-75,-320,220,106,287,198,480,28,65,-432,297,-212,376,-347,306,-73,260,289,487,-268,3,369,227,364,-495,-161,88,81,493,-134,254,-32,-57,422,-358,-284,-402,115,-176,193,214,389,115,-463,-298,479,-391,62,280,-244,436,157,-351,132,475,-205,408,-281,167,-369,-60,449,297,179,117,106,297,-152,-475,-184,-271,-266,-360,228,-120,45,-154,422,282,219,121,54,284,42,-55,352,-378,-292,-371,339,-254,214,421,366,-280,-82,-277,31,-100,-333,103,426,-177,-48,25,466,-183,-244,153,455,353,-327,-405,-268,-197,-346,55,-357,112,347,-212,8,-284,377,-395,-417,480,-452,-333,-173,495,-401,137,-341
197
199
52,-377,-40,229,-233,106,-406,-262,223,-327,-424,137,-398,-286,309,393,-483,-104,37,-474,-6,142,11,-332,-192,-202,284,-389,416,-408,-389,148,239,-498,-286,-78,13,332,-302,-52,72,109,255,-129,-2,176,-366,-256,-491,386,-468,494,-487,-443,60,-258,-487,-3,-266,-176,486,-269,489,-73,-438,59,-54,-138,488,352,-494,-234,-186,-136,-423,100,-452,-150,-75,167,304,-389,459,-73,-81,-97,321,473,-327,117,-123,327,114,420,6,420,33,-415,-99,277,431,-141,351,491,101,421,90,341,-462,-454,-31,75,0,-72,310,453,-470,-22,-21,-222,-324,-143,-35,220,175,253,334,-408,-96,-466,318,83,139,351,316,288,417,-358,-146,71,499,-146,-477,311,330,-20,-23,452,-491,-78,169,492,-202,470,459,363,473,-211,-490,-2,298,4,280,436,-174,-262,87,185,238,-447,-126,-172,116,193,-441,-160,-206,493,-39,-160,-251,-287,-35,-245,155,104,-239,-384,373,461,58,-181,413,-425,-119,-36,-80,-464,-398,-295,-129,-114,-248,90,-24,464,488,-366,444,-459,304,-163,-435,-227,220,109,174,339,429,-369,303,122,446,410,-413,-99,-235,359,151,379,121,-468,378,239,158,-437,348,-370,-53,-120,340,329,196,-33,178,-102,-343,252,77,315,98,36,249,369,-467,-432,241,176,430,354,-362,-271,97,175,-295,-138,-449,309,-381,-161,315,-18,134,-428,-448,-309,486,130,337,460,-182,-485,-340,187,-94,318,36,312,-260,245,473,55,222,237,-434,478,314,193,-449,-198
47
325
394,204,408,392,275,478,-164,-292,-122,39,20,-121,-222,-452,342,89,-308,498,489,232,477,141,-61,-206,123,458,-258,486,-401,409,-392,-381,46,-154,-483,456,222,399,-429,-53,134,-344,-262,-347,91,130,238,-350,-253,258,-286,-58,-320,-331,-69,-133,-461,497,254,-297,-175,23,-193,-269,-25,133,-425,302,-83,232,473,-297,106,-498,-167,146,237,-487,297,-223,-293,296,-326,156,465,-488,-77,-372,7,-401,-495,353,-489,353,-36,-101,161,179,217,-419,325,-227,-279,365,405,181,-75,408,-268,-178,52,-117,366,-248,-173,-331,333,440,144,104,453,8,259,94,173,42,-390,-128,354,213,199,233,-254,218,-248,-271,2,-39,467,45,-443,-100,115,-196,-279,-107,-117,245,-65,211,150,108,-377,-8,-327,-413,230,-250,-178,157,-75,191,310,-370,463,340,73,-410,294,-291,-75,380,315,-112,-343,495,40,109,133,176,172,-459,-144,-69,194,-6,253,-76,-338,-94,-141,487,-322,-139,-408,359,344,238,385,-72,118,367,41,-463,-150,-340,139,-224,391,482,-267,210,-201,440,-141,-46,-389,-413,453,-58,458,-192,431,73,80,11,-277,50,146,-100,492,-124,44,-167,-319,215,-433,-170,-499,-387,98,185,-81,-90,428,-190,91,244,-460,-417,124,-341,-155,390,-428,240,169,460,-303,370,248,283,222,462,-371,-481,-413,12,149,-407,-398,439,301,-251,-312,-486,-384,-186,59,254,-342,-110,70,488,-277,384,-146,439,211,477,432,11,-442,198,-214,9,-227,-385,306,-325,449,-326,-281,-268,-388,-380,354,89,-122,385,128,323,272,103,55,34,-359,-336,-310,179,-181,106,-437,-95,-447,-463,-259,-94,-40,-4,315,496,-42,356,-137,-192,-237,472,-181,431,-445,-138,142,-184,-4,268,-388,-397,451,428,132,-32,-179,102,-137,480,-148,80,-38,-380,89,161,-264,455,-143,131,-176,142,-59,-242,-122,-143,-454,-351,216,-175,-279,-221,7,256,-437,360,64,-407,101,431,262,-316,380,104,-410,140,134,-13,135,-20,-59,323,196,347,-360,186,423,249,-161,6,-365,209,107,-191,-98,326,351,222,481,418,-377,183,86,-134,-220,276,-139,69,-391,-91,426,275,478,-375,247,-222,-218,-393,-254,-404,-329,-383,378,-260,389,169,-429,-233,-373,-204,-372,-464,-409,-293,-111,-340,361,-464,-150,-316,112,349,-305,-144,-351,-224,-450,-312,-155,307,-453,-386,477,-409,-61,-360,37,-191,172,-71,82,349
127
142
-267,-202,-102,-280,158,-57,344,-259,-8,-441,178,-335,430,51,428,414,381,195,156,-171,2,74,-150,27,135,-436,-117,303,178,303,442,95,186,34,-412,171,-273,403,158,-207,-187,-315,245,-433,-12,-442,90,-384,128,310,392,477,304,459,411,189,156,-318,-321,-25,-16,240,298,-164,231,-234,-97,-326,-74,-13,368,290,151,451,-289,91,-154,-379,361,-64,356,-413,-40,-268,-67,258,331,-130,280,241,-372,7,307,-401,-314,264,200,77,-288,305,-129,170,186,-92,-431,-435,-476,-472,-433,141,-170,-486,109,13,191,-283,-9,-157,301,282,-170,-377,-243,379,398,441,-304,153,471,403,-485,-331,-290,102,-175,-5,448,-376,271,203,19,98,-181,-454,-376,272,-230,-235,-336,434,101,-451,58,344,383,302,431,-102,150,-431,-469,309,-85,-382,-273,-407,-25,187,223,23,444,119,-315,-192,-322,92,-439,-463,-268,463,-394,171,39,259,73,-418,366,-212,-152,350,-342,246,229,381,-459,123,-194,-496,378,-111,59,-90,-215,257,43,11,-398,276,-254,275,-245,-432,411,249,447,216,-186,255,-11,-150,-137,-64,138,122,123,129,164,-412,207,255,229,-81,-481,482,344,-164,-305,78,59,462,34,-366,216,-421,-84,-255,114,-320,-58,454,137,212,-138,-251,74,-333,-168,-115,157,186,-114,-47,28,98,-105,373,334,341,390,-58,-307,342,34,-158,442,-467,-418,95,178,272,-412
323
386
204,104,-74,-356,-74,25,-128,-132,412,-117,48,-454,12,483,-144,485,214,115,246,-389,212,-349,249,-415,-31,-209,-373,333,20,-134,-254,-12,-439,360,410,344,-412,-439,283,41,403,417,-246,-219,-256,172,126,170,471,47,337,175,-342,385,-238,-269,447,-223,347,-467,-126,-103,-284,314,44,232,-461,-91,-88,-202,-51,-127,342,-360,-202,58,102,-341,-183,-438,322,-475,324,-497,-120,-297,-404,361,35,-330,-160,-78,389,-223,-68,182,-5,21,-123,473,485,-444,283,456,-120,21,144,55,-134,-212,-20,234,410,314,187,-9,-7,-289,155,-167,-319,444,-259,111,496,-3,263,-189,352,-21,484,183,-297,72,289,-151,150,180,413,-41,233,260,-436,-83,90,450,104,68,-406,7,-155,388,132,-467,102,2,95,138,401,237,-375,-106,-412,106,243,-147,411,432,461,312,-224,-210,70,-106,-115,-488,-65,-448,456,280,-115,443,-373,-207,-78,-114,320,6,-337,-62,270,153,208,-79,306,128,-300,336,268,-206,31,22,-99,-88,-26,-441,-86,-378,206,-14,-200,-264,409,69,-316,41,-106,386,-331,247,36,355,-119,227,-302,-398,-496,276,406,163,-431,371,-55,90,416,153,244,-359,488,-292,57,-54,-174,-96,-201,379,394,275,-309,-465,163,-239,-440,145,247,318,-76,-117,-212,-254,46,-156,-442,-82,-433,-184,437,-51,-340,-166,459,-123,13,117,-404,-403,-203,-280,-6,432,255,-313,-452,96,425,-346,-205,-178,192,-375,-151,-290,-480,86,-418,327,-67,428,-440,-441,-469,461,-178,-170,-418,183,-7,-223,455,304,-16,-73,276,367,-426,192,59,200,-142,-199,146,407,-117,171,366,-474,-394,-500,311,-119,-450,-339,-460,471,-394,-150,-328,443,-83,441,-96,-312,-329,466,-97,435,268,437,353,74,56,456,-216,-125,-33,-153,198,-177,-158,-18,-320,-331,321,-213,459,-30,-489,190,-89,230,-243,-214,-340,251,-124,-219,-484,-137,19,-237,-41,64,-176,-119,-291,-265,-393,-443,412,333,-83,131,30,-334,-489,-229,125,76,-468,318,-474,4,19,150,488,-203,-453,-195,287,-410,261,382,2,87,303,-200,101,-112,-152,121,-53,388,276,335,275,44,-437,-470,-482,-103,-182,-499,-149,-327,357,-85,407,211,-241,-82,332,469,488,282,381,442,-391,-496,-389,-494,199,343,455,-327,2,-243,-243,-183,233,-156,105,51,-140,439,-392,241,270,-85,414,359,-427,-413,479,-8,398,-117,324,477,170,-250,213,112,-129,35,109,95,-420,-446,78,499,374,-67,50,-192
47
274
350,33,-309,312,100,-194,36,320,64,-298,202,-329,137,217,420,-148,386,371,276,248,-60,20,-452,204,400,-419,-386,16,319,197,103,-330,320,-237,160,61,-475,-394,-271,-310,210,-247,281,-272,-342,482,406,32,32,65,-419,300,264,-226,47,-19,392,-293,-111,-4,-490,416,102,214,319,-490,-381,-256,-208,-61,254,26,-387,-156,-396,-408,84,313,-34,235,285,441,-33,127,-32,335,197,165,171,188,-447,17,-105,-244,76,142,278,221,-184,-60,451,65,-495,292,397,-227,-114,-438,145,-399,400,449,-156,208,438,77,-486,-286,-151,-254,398,229,-469,-462,-178,-61,55,-21,-159,-68,445,166,-432,-109,405,-396,-425,54,-139,43,-273,-152,64,350,161,-271,181,43,-224,381,281,478,-317,313,-446,379,215,-135,-270,-39,-203,231,-388,-342,-371,15,150,54,-42,-170,98,399,384,-128,-253,-49,216,-240,-439,-475,-488,-310,-248,-441,-103,-244,155,353,429,204,193,-324,-355,-165,226,-182,-268,407,-112,-202,-457,-314,-100,-72,-199,-74,-437,-314,-378,137,-491,-266,-148,470,-373,120,482,75,434,152,-186,-394,-248,-128,-482,-29,-142,-323,-446,-56,95,304,-420,268,477,-451,398,-67,-26,-248,-65,-391,-322,-253,-399,-235,-52,-148,-254,121,291,331,-468,-236,300,74,-301,284,449,-291,243,-67,392,-376,-228,-309,202,352,-69,-237,79,345,-226,27,-488,-193,-157,434,353,-487,405,-246,-87,-153,-427,-94,-353,196,441,8,-197,318,443,188,-466,66,-207,391,150,-427,484,-134
268
314
67,-399,-100,477,-334,440,-329,-171,368,-268,-45,220,-175,-362,74,-341,61,3,383,239,393,329,173,-116,268,38,-205,-174,-239,-69,-320,-395,97,-210,312,-418,458,-291,-453,127,183,-90,-242,-292,-467,340,49,237,-88,411,-36,304,392,-348,55,475,-157,125,156,-441,-368,24,379,-376,-459,339,-118,145,398,-449,-497,-236,-349,-78,-405,-129,468,296,269,234,-461,190,240,-339,311,-177,250,271,-392,-225,-182,440,-92,-283,260,472,45,-155,325,1,108,355,454,-273,302,-428,103,65,-103,-226,473,-337,116,344,271,314,201,316,-86,251,-273,417,408,3,400,350,489,-214,107,272,-275,-340,-489,468,-179,101,38,288,44,317,-431,-85,226,-89,-195,-435,-202,427,-182,-415,428,-357,484,-472,-486,-301,-80,239,-5,170,-491,56,-57,-147,412,-426,71,-118,37,473,-112,-423,-281,-22,-100,-321,132,-247,-489,100,207,330,188,-163,-165,-338,365,92,-247,29,177,19,-211,-320,-139,-305,-58,-427,26,313,-48,325,-498,-384,-472,-153,-230,498,203,-417,79,386,475,201,-170,427,223,-489,171,410,190,-437,77,473,256,-82,-123,368,185,-338,112,-362,-93,-178,314,-386,311,-161,-79,165,319,-420,-381,71,-173,196,-275,1,46,-247,442,-455,-156,-27,236,-383,-358,484,-15,-5,490,156,269,-274,-166,113,352,103,48,117,-36,163,420,-132,270,-408,266,182,-482,-164,-214,494,84,-475,374,-417,-383,-9,-416,-177,-465,-84,309,107,438,349,209,-151,101,407,-464,-51,-79,-463,-66,-205,-76,-230,-443,3,-323,495,337,291,183,-30,49,-322,17,-130,-493,-102,-197,-65,-500,-224,-289,-202,476,-84,235,402,-310,332,210,-430,169,349,-183,487,-90,480,-491,287,157,412,326,-52,479,437,384,211,290,-477,-473,423,93,-459,-116,-250,-129,276,8,-484,-229,156,-197,395,-319,389,50,-436,-364,280,-157,215,451,189,-98,-465,-89,385,-86,-215,-32,228,160,-6,396,-384,-328,352,397,-362,87,473,406,-309,250,-424,202,80,433,150,-191,95,-254,252,351,-143,481,-113,202,412,338,-203,-79,82,-109,139,-140
115
266
-392,231,442,-169,74,-282,239,390,462,73,177,-362,97,174,266,348,53,-429,-350,-220,485,-93,219,-371,-326,262,208,-337,-339,144,-438,248,386,-141,-376,121,253,-272,442,-288,211,265,-110,135,176,-6,368,425,-96,318,489,61,-108,-58,107,267,-236,-52,352,131,331,-322,-276,-147,387,86,-140,-45,-154,405,261,-246,-2,-272,270,432,-86,-149,340,-169,157,129,-48,-41,-484,-186,-26,-174,-420,412,341,-375,-298,-447,-442,-124,-48,-294,58,207,-311,-184,-483,32,-399,-375,-135,-108,499,26,249,-319,144,-72,-197,358,-344,-290,272,7,287,352,-293,13,-413,477,-397,258,-74,-156,423,-270,-52,358,469,-443,305,65,160,-407,384,292,300,36,252,430,366,471,149,-454,-396,477,-390,-187,-58,-77,5,-233,312,291,-81,-337,110,456,192,281,259,-130,-37,427,-379,473,-380,222,-184,115,-497,-272,309,460,470,214,255,337,199,-114,307,23,-224,-6,-231,297,-96,169,-469,110,459,-401,392,222,-167,-267,-450,-334,467,444,442,-45,267,-446,157,-6,-32,359,-83,-97,243,-447,-412,-314,353,251,354,427,-28,-332,-350,-242,-304,-236,51,49,-296,-423,325,191,194,16,-338,495,54,-448,240,197,-194,7,313,-102,10,112,343,-254,163,-204,-306,-325,201,213,-369,269,132,-166,310,245,-325,460,-488,-5,-163,-248,127,-60,194,61,-268,66,-204,-211,-216,-90,279,328,-25,-296,-342,-381,-127,-147,-38,-72,-226,88,-150,-393,14,347,-368,-206,418,-100,279,175,-174,-43,244,206,412,-421,-409,426,302,-448,416,-59,112,148,411,267,-199,-337,226,89,156,193,-474,-10,-138,-150,138,-105,-249,293,-116,497,-109,-201,232,367,-484,390,58,396,94,-356,-24,298,-473,139,26,-479,240,482,-145,-445,260,-27,429,44,76,180,-148,486,-268,378,-328,51,-402,149,378,-156,-327,-203,-334,-434,333,-363,-46,412,70,-481,42,-297,315,28,-141,-45,-390,113,-478,-493,-7,-331,372,-123,355,119,232,-209,-474,-124,-394,-207,325,6
301
325
391,-199,-222,-121,278,463,-172,-159,136,94,230,-248,140,-102,-434,-84,159,89,302,66,119,-293,260,-72,-143,-22,-194,-107,288,-97,367,-265,195,-149,-445,-460,-151,383,-229,490,403,379,341,274,270,275,-421,150,291,120,-18,460,157,322,182,26,175,-141,-471,-479,399,103,-41,-153,323,-288,-459,164,-498,-251,62,-482,95,-310,450,-264,143,131,345,45,381,115,-47,322,39,-463,472,306,175,-335,38,-469,272,161,-407,-267,-285,218,-169,-453,210,-210,426,266,456,-431,-173,-346,-196,-257,-98,-44,176,-107,245,-70,-462,260,-77,83,174,264,248,-105,374,-296,484,222,39,-67,-118,-211,289,-179,-14,-271,-150,-479,411,-319,-376,-462,243,200,130,-61,404,367,497,-440,-202,466,-320,108,187,489,93,-248,-174,-370,-477,-57,-157,-402,-171,-42,-332,240,-183,217,414,203,-457,-399,287,-243,-243,-311,316,-323,321,184,43,-134,-87,185,-205,-148,378,293,48,312,491,91,-25,266,341,-155,282,-157,-367,-52,136,-391,390,-170,388,126,-90,-213,48,-176,-420,304,63,-193,-315,-14,-204,342,-336,-348,122,97,-310,-124,368,253,-454,223,-152,-475,-42,429,-11,-160,-247,271,431,199,-191,5,-459,-180,105,-228,333,223,-144,4,-70,426,435,416,339,476,-322,-313,12,-333,42,327,308,146,-196,-423,402,-230,-310,391,348,-123,-421,130,213,85,-167,-103,-326,-125,389,243,-206,-148,256,-419,224,382,418,-496,-442,480,-71,201,111,55,-410,-324,153,253,-465,123,390,-357,-163,-1,-178,-392,-309,26,-278,34,226,443,263,128,26,-408,-36,-206,-135,-230,266,400,425,-398,-384,-80,2,58,-112,-493,236,-34,-278,351,-90,72,-6,463,-256,-293,-464,-195,329,-160,117,282,-362,428,149,-83,360,19,173,-169,225,-427,241,-456,394,46,-406,-478,-452,-204,99,-206,-79,-367,-209,-273,326,-48,-423,-53,32,-179,376,-402,39,-283,-204,-334,-461,-379,-215,-214,290,-442,487,-157,-124,-163,-165,284,-453,441,-114,18,82,-114,168,492,-320,430,-183,-186,201,119,-180,-32,234,-8,-432,78,-369,-131,428,235,114,481,126,-138,-158,163,376,247,214,-446,-81,243,236,194,297,418,387,112,403,-158,-183,418,349,-243,266,391,451,-211,46
194
258
101,137,205,380,314,-225,-44,421,111,-244,-397,169,-137,-10,-327,169,-418,69,161,140,-168,-423,-276,107,72,-331,436,388,297,258,-17,371,333,-218,-274,98,127,475,-167,-192,311,444,234,80,66,18,378,-160,122,237,404,218,-79,317,-484,384,478,-271,74,416,-366,-114,321,-25,18,-471,-345,-86,289,81,-407,455,352,-157,109,298,-91,-384,3,-388,6,-36,144,-339,216,-243,104,-350,-152,-492,111,378,-499,-296,85,-422,-471,-379,436,-264,-454,12,-289,-363,-167,-196,-480,428,413,-90,-266,-257,397,150,186,-344,401,-219,-308,53,267,-212,-369,-483,48,107,-163,-409,221,-337,-304,257,103,449,375,-458,371,-469,337,-335,311,462,-223,-58,-309,184,213,-232,-209,417,-3,-171,491,-444,-155,-435,181,-334,-145,25,-270,145,232,321,124,-300,21,62,-212,5,-238,86,-27,262,-154,469,-187,-36,255,-16,-160,-460,-291,-250,-14,64,150,39,321,-190,478,-66,141,-55,416,459,-427,-375,173,1,-288,-99,-273,-18,308,-376,-101,-447,422,-79,242,-27,-298,-468,-430,268,-242,-60,-35,479,-40,-241,422,-167,89,203,-53,-212,30,404,-85,371,289,-129,-426,-2,336,-400,-117,148,-102,-200,-398,3,-345,315,111,-469,-13,165,-1,-120,350,284,27,326,-261,353,-82,423,267,-288,-460,176,-299,-329,9,-279,29,28,74,67,-58,159,-236,253,-19,-226,192,95,-492,382,296,-97,-169,-105,241,65,-362,249,-372,425,-312,-53
43
111
-488,46,-273,-435,6,-196,-291,56,367,223,4,-36,238,-263,-95,-279,222,424,150,-399,-13,-48,-35,183,-330,-227,-192,65,293,-23,323,-436,-60,68,303,-458,396,-118,-109,-218,54,326,249,-241,-211,-396,-206,188,29,195,279,-226,379,-399,453,-159,-333,-183,-220,109,-88,-368,316,-385,188,-26,-179,495,-284,31,449,-107,-458,489,-328,333,-6,-408,-360,345,-198,396,263,-98,352,436,351,350,402,108,100,-220,-92,-310,37,-41,-277,151,196,301,281,120,-492,-95,82,212,478,-424,-286,96,296,-267,-448,334,235,396,-397,-179,-385,-229,-448,57,-67,36,-107,-445,72,335,13,-309,-335,356,97,-191,318,7,415,28,135,20,-487,194,92,-158,-452,-307,334,60,67,-33,-319,-222,40,132,330,302,471,-146,459,298,-9,310,-144,-313,-458,494,341,385,-88,-492,254,-410,-373,-32,154,365,-327,-442,-195,11,-101,-137,241,72,-465,-78,304,240,278,-208,-199,-362,-115,-379,300,-213,-107,154,180,-348,-407,-160,-400,-414,60,87,-99,-414,-100,-76,-148,-459,343,-207,-453,-246,-368,-490,-117,14,-66,-483,-154,270,-334,-237,-142,-277,-318,-182,-113,-259,-17,108,-287,107,-273,-325,33,-187,400,131,94,269,-486,312,68,418,128,-12,215,12,491,193,-138,-226,50,-148,358,28,-279,450,66,-162,93,253,476,-347,490,23,-125,-213,-231,-88,193,-353,-182,282,-161,221,-487,96,-457,-444,384,-193,173,-111,41,-267,204,-262,-218,-122,-63,-388,-304,86,-458,277,8,-456,381,-2,-236,-235,366,-304,297,73,463,16,-30,295
192
335
-62,302,487,319,187,172,88,311,105,-365,-19,-208,-123,-241,-45,-240,234,-17,-220,-389,-110,-481,414,97,-276,193,42,118,99,-421,419,-141,-154,-420,184,-341,47,-369,-200,-88,-397,-374,-207,379,261,-407,453,490,319,339,210,-181,246,-258,-164,-225,-248,423,265,-22,269,-359,169,175,-9,-481,-480,9,232,477,210,-381,-489,455,-478,-367,-290,445,-418,-240,418,-105,90,-24,-296,266,255,-382,121,213,152,-348,114,-99,41,-167,-406,-365,37,149,-224,336,-470,-386,177,-401,67,135,51,400,-462,-154,361,-443,-152,69,196,-491,218,-114,-54,-161,-7,-257,477,-320,-281,316,323,221,73,-12,-363,252,317,92,486,-211,145,-296,-198,414,61,424,-296,-429,135,-377,-90,-299,-143,-234,-145,201,249,351,116,-311,-307,-58,-204,472,296,-55,-287,143,-378,-327,201,309,384,-207,405,123,-308,266,114,-388,180,-175,121,180,201,208,-371,-200,468,185,105,-357,496,-342,315,233,232,337,-103,363,-143,353,462,11,219,-187,441,442,73,-343,-37,-419,66,272,347,-202,444,39,15,247,-195,-215,185,17,117,-356,-180,122,-389,288,-463,325,458,64,-206,228,-89,377,-373,336,410,-129,48,-183,-25,-89,326,337,-400,-337,434,274,-496,-286,48,-192,-337,-57,130,225,-203,-191,109,113,-259,-150,-327,-62,8,-176,21,-87,-382,417,-484,-340,349,251,-40,-57,-472,100,281,-18,459,344,42,476,-494,489,65,401,-389,241,-415,91,38,171,14,-108,153,199,28,-271,-259,-236,-429,194,-328,-345,91,69,343,-158,-231,-179,136,128,-253,136,-214,157,86,-321,-239,-141,489,382,122,-65,-3,331,-345,89,-45,-269,119,418,330,-480,-475,312,356,431,436,461,-411,-11,348,54,-441,50,-181,-265,-20,-194,-29,68,57,-473,-429,378,-22,-435,29,-309,368,229,-460,480,-139,-439,136,-358,-304,-72,-480,33,241,218,-430,237,34,-52,-207,-5,255,-414,-412,127,-28,-102,-161,-160,146,-395,193,497,-298,257,-223,-437,-274,-487,-211,-272,1,-226,288,-390,-406,70,-489,50,407,307,-95,85,-12,431,313,281,432,-429,-39,389,-255,295,-131,262,265,44,-415,293,252,125,-145,-218,356,43,-15,212,163,63,-473,-264,60,-485,-274,193,-329,-118,-131,477,-385,142,-35,-11,450,-192,165,134,204,153,-449,-292,104,-145
344
350
-337,-344,201,399,159,-243,-195,-155,-432,-297,-89,-240,251,373,320,175,43,169,469,-6,375,-40,270,-224,460,363,90,328,-282,-301,313,-343,316,401,-187,77,53,-213,142,-320,34,-301,249,-321,-110,-478,-132,-437,-404,-55,-392,156,-92,-16,-164,218,157,-241,26,-137,-273,417,168,137,-322,361,-115,-309,175,-307,469,-285,-169,71,147,398,-151,459,-101,-273,-476,-310,-239,-433,-17,36,-327,319,330,-107,444,-303,66,414,179,-220,-120,-268,491,373,248,-442,-250,-381,409,-9,418,483,-195,196,80,274,-162,-72,-117,217,-13,218,218,274,86,-336,-380,137,452,-395,143,-2,-232,205,133,-225,460,378,460,435,-43,-377,-112,65,-143,-127,312,-106,456,-450,249,109,380,141,-461,336,303,389,406,77,-440,290,-136,237,-359,426,470,414,-392,-259,-388,-433,319,187,283,-229,498,-161,462,-329,245,297,9,-154,-257,466,207,21,191,-88,447,-104,-110,-183,497,290,-394,5,-382,172,31,380,458,93,-141,-186,-114,103,171,-335,487,450,-152,-163,391,66,-416,-4,-293,-148,-372,477,105,190,-401,279,-401,307,381,-469,-395,-402,37,-326,401,150,109,-459,237,280,488,-444,95,-485,151,-322,333,204,305,271,426,-311,-8,479,-30,67,378,271,94,-284,288,487,-244,-48,231,267,-170,-279,24,444,-91,18,-18,450,186,221,-20,199,72,239,-176,-153,130,-479,-304,148,-467,-198,-232,-498,241,-336,60,-257,-135,-26,-488,340,269,-225,66,151,424,409,217,113,259,52,-140,350,-91,-295,345,-223,-395,-272,168,46,278,49,-4,110,-363,-204,-106,-219,-214,-283,-259,343,449,167,14,497,204,-87,-213,213,-105,-75,483,-187,-129,-35,79,352,495,-303,60,394,-239,11,66,429,398,-108,-48,334,98,319,369,451,-409,-166,-449,80,-52,-306,330,-208,369,-436,229,-216,210,-169,182,64,366,376,-328,435,282,156,-329,158,487,-157,423,-259,61,257,-207,297,122,399,218,374,396,-468,-286,-208,-122,-116,-314
110
290
-182,163,348,-7,-172,20,496,253,-39,-432,-461,-46,261,302,89,-493,-354,-32,236,-317,-180,-460,75,313,138,63,-488,-498,-143,-368,-394,-117,-422,466,308,24,254,196,-389,480,-484,147,104,-312,-331,-161,-26,-459,-440,-270,323,-267,381,-235,77,-123,-248,-187,-39,-38,-395,-70,376,412,-294,352,439,-52,461,39,297,-201,-62,53,67,-94,-471,452,-165,-235,-277,-139,-210,-140,447,-45,213,0,133,277,43,373,61,483,142,-364,93,-54,-449,-263,-306,-358,304,-361,145,-444,377,-225,348,-375,-162,-1,203,166,49,-289,428,-484,-369,-442,-421,-300,178,-149,79,-1,291,313,-57,243,169,-110,397,-479,-6,-164,-147,59,-323,-216,337,-412,-142,7,-339,-56,-161,-257,281,-366,16,172,-295,-92,137,330,-123,265,27,341,-171,-49,-351,451,45,16,349,466,-287,-25,204,428,-267,-129,-93,-271,204,319,-3,-21,211,234,-278,-148,-440,52,-259,-493,396,46,338,30,-133,-198,-14,290,-292,122,164,245,-175,483,450,-484,165,-169,-315,313,-468,-64,-362,-323,-116,-264,-381,499,-146,173,433,364,497,-150,116,-353,-133,217,361,224,-451,173,-485,-15,362,-269,210,-177,-445,-304,437,-229,-454,-251,-305,313,337,-184,-491,237,95,213,-341,-391,14,193,-322,395,36,-265,-55,67,-237,-221,71,-493,-209,387,-415,311,-332,222,173,491,354,-92,-132,-100,278,-307,318,-458,470,87,-236,-259,-448,31,434,160,-137,-256,-73,-433,-229
142
319
-178,41,452,-295,-215,231,-206,-134,-123,321,87,193,417,-298,483,145,74,351,-74,-157,-124,100,-44,-190,-308,-416,-438,334,-161,139,-438,94,-467,-51,70,-450,352,-65,-91,376,-29,422,487,-353,465,289,271,-161,468,-470,-380,-399,462,233,27,114,-457,444,141,338,67,283,257,354,39,111,142,-482,288,-141,-370,59,73,-350,226,-46,-281,-280,494,-358,450,333,449,316,-150,-484,-212,176,-445,-310,124,-363,-417,113,414,117,-433,316,-34,454,-307,-299,307,-67,-239,-278,-230,326,-418,-154,-138,430,-311,420,305,209,-171,-193,178,15,165,332,-301,130,471,-415,-99,-317,129,-249,386,234,-228,370,-345,227,-271,-439,148,-3,-212,297,-486,127,332,-108,-344,116,459,-353,-383,485,-352,281,-395,-227,-441,367,394,224,186,356,128,-196,134,294,294,226,-283,220,492,-466,-69,-357,310,385,-385,-16,-55,344,-232,31,-19,445,417,202,263,-453,-109,326,34,-232,-299,-89,353,-37,410,356,92,340,248,-379,-323,83,-24,185,-498,424,-297,-308,-168,-158,216,317,-462,-205,-357,69,-443,472,-234,475,-440,127,175,-51,404,481,-45,-71,494,-34,-266,306,-356,256,-353,-362,-50,-128,-161,148,43,-219,-489,371,-235,-53,475,445,26,-377,414,-438,-393,-319,419,457,-205,82,-3,-231,-474,341,-100,-58,332,330,-339,-96,-446,-179,436,-75,-244,-10,304,-218,-232,-479,4,30,-229,-323,358,-289,245,-414,69,479,-69,-229,-188,8,386,-373,277,486,483,-115,-28,-375,-65,235,121,386,-96,264,-223,90,-335,-407,-302,-403,243,101,177,414,149,414,322,140,-384,248,-485,418,-4,-146,-499,461,163,-420,-432,-226,-208,-186,371,431,-46,-472,-380,482,195,-17,122,-227,215,100,20,-78,-404,-63,-483,-197,93,-212,-353,362,146,64,441,295,104,443,95,251,345,-213,-195,232,-233,1,447,-133,234,-481,-65,274,43,-315,-140,344,-76,-433,299,-160,239,155,-147,-274,8,-89,293,368,-345,351,204,-309,-434,172,307,-102,419,200,-404,-351,26,-139,-283,-15,179,-203,-317,28,-181,-467,271,55,225,-261,-73,176,-120,-2,-180,61,-180,484,-262,475,83,438,34,-352,-439,368,72,-192,183,-163,17,76,-446,72,134,-238,468,-403,-123,13,-479,493,-446,404,-145,-112,-158,-24,-310,269,-297,279,-420,-499,261
14
73
419,240,-246,-406,-73,266,125,-193,37,-412,468,441,481,-497,-50,43,435,-261,226,264,230,-290,452,188,-253,336,417,-134,-175,396,427,325,-333,-479,393,-86,-241,-73,-346,-302,-2,68,-195,254,405,-386,-378,-413,-97,-117,431,-283,-92,364,338,287,-381,16,119,-264,231,-460,-138,441,-191,121,267,-21,-230,118,126,-426,-430,-44,149,13,-182,-279,-119,37,10,-149,-438,-269,-384,-498,216,437,-265,305,-137,-120,272,459,-274,473,111,-141,284,-336,76,-171,-25,295,412,-280,-22,56,379,308,-70,-180,193,9,494,-184,-146,26,-223,441,43,408,-498,-464,39,68,-274,321,-182,-76,-40,125,-71,-129,-146,48,-113,-420,335,-3,261,-181,-129,-75,350,-369,360,334,-287,-61,114,-320,-389,226,-498,-421,-336,27,43,44,382,-391,-165,-58,30,40,366,181,56,-269,-135,-250,-133,-13,-142,451,454,130,130,-37,149,-394,-233,405,-309,328,77,292,-472,-276,265,-34,-49,67,-198,-305,151,-203,-292,11,92,178,-262,33,441,-441,-17,-109,-212,-122,-87,-175,479,141,307,37,-234,105,-386,-191,194,-92,139,-355,121,-223,295,-404,135,304,-172,-178,349,293,-440,257,92,307,-61,184,86,214,210,-330,-190,318,-253,99,114,-273,389,-195,-198,-418,-274,226,-393,-154,472,-406,450,415,305,-215,-8,112,-3,-54,239,140,234,23,-169,-480,-360,-164,50,140,427,100,-414,104,214,444,261,-266,478,211,55,-459,248,491,-235,-58,-248,-391,-79,-177,263,87,-465,141,416,-365,443,-50,391,321,-204,-196,246,-300,313,-458,-378,57,-233,144,366,-452
198
326
-147,134,14,-247,310,-170,277,-183,-317,12,122,-319,-22,47,-493,108,127,185,-165,-389,136,247,289,-375,-344,-17,320,318,422,-112,156,161,-87,371,46,-233,2,-169,-244,-120,-66,266,-112,-328,-233,-149,275,179,206,172,310,242,62,-154,-187,-94,216,-108,-255,355,207,-126,464,-170,-201,262,450,-336,247,-364,-5,-381,-336,-497,-272,268,489,-157,64,-361,-319,-128,-392,-378,264,-175,131,257,273,-469,397,159,464,281,362,-246,236,444,191,-255,-62,-441,-148,263,182,200,-219,-184,-338,-309,404,364,-427,-319,-275,-324,280,45,-106,-182,-272,-345,-88,-259,253,330,-418,-399,-84,-88,-439,-419,-195,493,-483,230,443,248,-260,329,264,94,365,414,157,1,305,-328,-357,78,370,328,449,492,-185,-350,-134,-184,-240,-337,218,126,331,-431,-475,489,-87,-339,-492,36,-271,467,389,-295,414,-127,-275,-66,-89,-283,-315,384,-189,-183,478,-457,-482,449,-309,297,-91,-240,418,-390,298,-304,86,449,324,313,-36,-58,-481,137,-161,-224,371,-79,-462,171,-100,144,394,78,21,88,70,282,201,486,-229,-105,352,-488,-112,-439,-238,351,-405,-449,-237,92,-393,244,-109,239,99,246,-448,58,71,12,-397,-156,-139,-459,44,-463,-358,20,-69,71,464,295,-220,339,265,470,-362,178,2,-336,-96,-276,-94,377,-264,-438,493,265,-54,448,-23,238,297,-82,-148,377,-371,472,328,-274,89,-235,-156,189,-409,69,425,421,-85,-268,-450,-208,-103,-285,-392,-38,-340,397,121,-389,355,191,-181,-436,-222,-375,482,-194,-469,-295,-317,-50,254,151,285,76,284,90,-277,-373,92,185,258,443,-391,-265,245,130,264,493,-421,441,209,-5,282,-158,-463,466,-334,-241,114,296,448,-410,400,350,-235,-238,32,-113,-309,339,207,-170,324,-260,100,290,22,21,235,374,215,231,-129,17,449,197
172
182
402,460,241,-349,-145,157,-196,-38,465,241,453,-41,217,359,243,28,434,-321,68,-122,-261,-49,-398,-416,-298,138,-294,-181,-283,-177,33,199,451,39,-454,-125,-2,472,408,88,-465,-257,253,124,331,426,-179,82,-222,-173,-150,454,-407,137,-276,-290,190,41,-108,-460,96,305,-66,-479,-368,37,-415,-60,-281,147,429,391,254,40,-409,378,444,-362,-453,369,-96,-427,-81,496,467,-163,-248,-257,248,-170,244,481,428,-9,411,206,-340,83,482,281,471,-263,-467,395,129,-350,265,-450,376,-482,-229,158,127,47,-88,-359,-179,-17,458,-8,-71,494,308,141,52,-141,499,244,339,-93,-271,191,432,352,6,353,68,496,5,-356,-437,431,-312,485,100,79,289,373,-45,-189,47,155,-228,-469,1,125,-106,-390,-262,374,34,187,169,-159,487,26,-149,-429,444,215,183,-361,1,309,-170,499,242,-112,110,495,-56,173,73,-314,-418,-45,-82,308,-235,463,-4,-392,172,255,254,-156,-432,412,272,151,100,-438,181,299,-107,331,-382,-406,-67,-249,274,-157,266,352,358,-181,297,266,-424,-481,284,-176,-379,-434,-298,465,-82,331,135,-270,-463,119,17,-251,-279,-411,477,142,390,423,-6,-418,489,-417,-125,425,-103,271,84,-397,403,314,-407,447,-70,-53,-253,-137,307,-77,136,87,331,-263,-378,292,-257,-495,139,-333,336,215,-260,-453,-479,-444,-80,68,470
204
439
130,-71,134,74,-411,-35,-210,187,60,-400,162,-346,390,307,150,-88,-167,384,194,274,-163,482,-297,292,159,-331,-215,479,344,396,-155,-141,2,105,-32,479,-465,-257,-15,-82,5,-445,-484,-330,-438,-271,-268,-379,-488,3,4,164,-275,52,-149,-227,-439,99,-246,-15,141,51,234,218,69,-129,-297,343,-335,67,483,-106,-466,-115,432,-277,-348,114,-426,399,435,-34,269,212,-25,467,-240,413,-59,-326,406,50,433,-448,-26,488,-50,71,126,-393,232,358,24,-186,-366,-229,-166,-111,-409,212,-256,482,-25,325,-39,406,192,11,210,-450,382,-457,162,-107,361,495,436,-215,145,430,-14,147,17,171,157,-319,445,-368,310,-445,49,193,-177,-470,-409,-276,203,-124,28,360,-442,125,184,141,66,39,209,-157,216,146,339,231,-89,-378,134,-304,-76,-499,171,216,-33,-330,100,-434,-395,196,-96,-456,247,461,39,253,-145,-458,-480,472,106,476,-403,-255,-434,-147,39,-282,73,429,332,295,307,-251,-167,231,330,325,205,-114,8,-150,-115,-452,-413,-445,-283,295,-184,317,153,-171,-403,47,464,117,-6,151,194,224,195,-69,38,-275,221,20,403,-150,138,301,497,79,-173,257,-62,-180,433,-302,-182,114,263,-226,440,15,-304,-452,0,155,-312,205,-97,480,-382,-331,-398,286,-378,104,187,-132,-220,225,-446,-109,218,166,-476,332,-19,287,-318,-406,-369,62,-440,-286,-154,-352,304,23,405,-335,458,-158,-311,-210,-141,54,354,-364,-288,217,164,-234,421,31,-375,-341,134,-383,-419,-58,-320,-181,325,-209,-267,-102,468,-81,-133,468,292,265,-224,-78,213,347,260,344,102,180,-29,358,-147,-449,350,199,20,-146,276,-282,146,-54,362,256,419,70,-148,492,6,100,-25,151,361,479,157,-35,-350,336,-149,498,308,-277,-294,-202,-228,-119,-384,-202,408,169,-117,-457,-461,-472,130,430,151,272,-144,483,-377,-396,-82,420,416,105,435,-74,-108,79,-254,230,274,-177,-471,-43,413,0,-63,194,-121,242,191,-151,18,-381,-138,297,236,-49,-418,475,372,122,-459,335,-243,17,464,169,198,175,111,-144,275,51,-62,-137,-405,-137,-100,349,-121,-293,451,271,420,272,224,-299,141,41,129,41,-103,363,192,491,396,493,392,50,428,370,-12,-338,-269,91,84,25,-141,-70,292,-44,483,-262,-349,-11,61,-374,-347,-115,193,-104,-19,272,-391,186,3,-442,-22,-49,-250,-290,12,-404,-74,-102,62
